$1
1	1
1	1	1
1	1
1	1
3
3
1
1	1
1	1
2	2
$2
3
1	1
3

3	1
1	1
2	1
1	1	1
2
1	1
$3
1	1	1
2	1
1	1

1	3
2	1
2
1	1
1	1
1	1	1
$4
1	1
1	1
1	1
4
1	1
3
2	1
1
1	1
1	1	1
$5
2	1
1	2
1	1
1	1
2
2
1	2
1
2	2
1	1
$6
2	1
2	1
2
1	1	1
1
1	2
2
1	1
1	1
3
$7
2	1
1
1	1	1
1	1
2	1
1	1
1	1
3
2
3
$8

1	2
1	1	1
1	1
4
2
1
3
1	1
4
$9
1	1
1	2
2
2
1	2
1	3
3
1
1	1
2
$10
2
1	1	1
1
2	1
3
1	1
1
1	1
1	1
5
$11
3
2
1	2
1
3
1
1	1
1	2
3
3
$12
3

4
1	1
2	1
1	1
1	3
1	1
2
1	1
$13
4
1	2
2	1
1
1
1
3
1	1
3
2	1
$14
4
2
2
2
2
1
1	3
1	1	1
2
2
$15
1
1	2
1	1
3
3

2
2
4
2	2
$16

2	1
2	1
1	2
1	2
4
2
1
4
1
$17
1	1
4
1	1
2
2
1
1
2
2	2
4
$18
3
1
1	3

2	2
2	1
1	1
1	1
1	1	1
1	1
$19
1	1
1	2
1
1	1
4
1
2	1
1	2
1	1
1	2
$20
1	1	1
2	1
1	1
1	2
1
1	1
2
2	2
1
3
$21
2	1
2	1
1	1
1	2
1
1	1
3
1	1
1
4
$22
2
1	2
2
1	1
1	2
1	1
3
1	1
2	1
1	1
$23
1	1
2
4
2	1
1
1	1
2
1	1
3
3
$24
2	1
1
1	2
2
1	2
1	1
1	3

1	1
3	1
$25
2
2
4
3
1
1
2
3
3
3
$26
1
1	1
1	2
3	1
2
3
2
2
2
1	2
$27
1	1
1	1	1
3
1
2	1
1	2
1	1	1
2
1
2	1
$28
1
1	2
3
1	2
2
2
2	1
2
3
2
$29
1	1
1
2	1
2	1
1	1	1
3
1	2
1
2
2	1
$30
3
2
1	1	1
1	2
1
2
1
1	3
2	1
2
$31
3
2
2	2
3

1	1
3
2	1
2
2
$32
2	1
2
3
1	1	1
1
1	1
1
2
2
5
$33
1	2
3
1
2	1
2
1
1	2
1	2
3
1	1
$34
1	1
5
1	1
2
1
2
2
1
2	1
4
$35
1	1
1	2
1	1
1	1	1
1	1
2
2
2
2
2	2
$36
2
2
4
1	1
1	1
1
3
4
1	1
2
$37
3	1
1
1	1
2	1
2
1	1
1	2
1
1	1
1	3
$38
2
3
2
1	1	1
1	1
3
1
1	2
2
2	1
$39
1	3
3
1
1
2	1
1
4
2	1
2
1	1
$40
1	2
2
1
2	1
3
1	1
1	2
3	1
1	1
1
$41
1	1
4

1	2
1	2
1	2
2
1	2
1	2
1
$42
2
2	1
1
4
2
1	1
5
1	2
1
1
$43
2	1
1
4
3
1
1	1
4
3
2
1
$44

1	1
4
4
2
1
2
3
3
2	1
$45
1
1	2
2
2	1
2	1
2
4
1
2	1
1	1
$46
1	2
2	1
2	1
1
1	1
2
3
1	1
1
3	1
$47
1	1
1
1
4
1	3
1	1
1	1
3
2
1	2
$48
2
1	1
2	1
1	2
2
1
2
1	1	1
1	2
3
$49
1	1
3	1
2	1
1	2

2	1
2
2
1
4
$50
2	1
4
2	1
2

2
4
2
1
3
$51
1	1
5
1

1	3
2	1
1
2	1
1	1
2	1
$52
1
3	1
1	1
2
1	1	1
3	1
1
1	1
2
1	2
$53
2	1
1
5
1
2
1
1	1
1	1
4
1	1	1
$54
2
2	2
3
1	1
1
1	2
2
2
3
2
$55
1	1
2
1	1
2	2
1	1
1	2
2
2
1	1
3
$56
1	2
3
2	1
1
2
1	1	1
2	1
2
4

$57
3
1	1
1	1
2
2	1
1	1
2	2
1	1
3
1
$58
1	2
1	2
1
2	1
2
2	1
2
1
2	2
1	1
$59
1	2
1
3
2	1
2
1	2
2
1
1	2
2	1
$60
2	1
1	2
1
2	1
1	1
2	1
1	2
2
1	2
1
$61
1	1	1
4
1
1	2
1
2	1
2
2	2
1	1
1
$62
4
2	1
1

2	2
1	1
2	1
1
3	1
1	1
$63
1
1	1
1	1
4
3
1
3
2
3
2	1
$64
1	2
2
1	1
1	1
1	2
2
1	1
1
3	1
2	1
$65
2	1
1	1
1
2	1
2	1
1	2
2	2

1
4
$66
1	1
2	1
1
3
1	2
2	2
1	1
2
2	1
1
$67
4
1
1	1
1	1
3
1	2
1	1
2	1
1	2
1
$68
3
1	2
1	1
1
1	2
2	1
1
2
2	1
3
$69
1	2
1	1
2
2	1
2
2	2
2
1
1	2
2
$70
1	1
4
1
1	1
1	2
1	2
3
1	2
2	1

$71
1
2	2
1	1	1
1	1
2
2
1	1
1	1
1	2
3
$72
1	1
4
2
2	1
1
1	2
3
2
2
1	1
$73
3
1	1
2
1	1	1
1	1
1	3
3
1	1
1	1
1
$74
1
2	1
3
1	1
2	1
1	1
1	2
1
2
1	3
$75
1
1	2
2	1
4
1
1
2
5
1	1
2
$76
1	3
3
1	2
1
1
3
1
3	1
1	2
1
$77
1
1	1
1	2
2
3	1
1
1	1
1	2
1	2
2	1
$78
3
2	1
1	1
1	2
1

3
2
1	2
4
$79
3
1	2
1
1	2
2
1
1
1	2
2	2
2	1
$80
1	1
1	1
1
3
1	3
2	1

2
4
1	2
$81
1
2	1
1	1
1	2
1	2
1	2
2
1	2
2
2
$82
2	1
1	1
2	1
2
1	1
2
1	2
3
1
2	1
$83
3
1	1
1	2
2	1
1
3
1
1	1
3
1	2
$84
3
1	1
1
3
2	1
2
2	2
1	2
2
1
$85
3
2	2
2
2
1
3
4
1	1
2
1
$86
1	3
2
2

4
1
1
3	1
3	1
1	1
$87
4
1	1
1	1
1	1
1	1
2
1	3
2
1	1	1
1
$88
1	2
1	3
2
3

2
1
3
4
2
$89
2
3
3
1	1
2
3
2	1
2
2
1	1
$90
1	1
1
5
3
1
1	2
2
1	2
2	1
1
$91
2	1
1
1	1
1	1
4
1	2
2	1
1	1
1	2
1
$92
1
1	1
1	1
3
4
2	1
1
1	2
1	2
2
$93
1	1
2
1	2
1	1
1	2
3
1
1
3	1
3
$94
2
1	1	1
1	2
2
2
2
1	2
2	2
1
2
$95
2	1
3
1	1
1	1	1
1
2	1
3
1	1
1	1	1
1
$96
1	1
1
1	1
3
4
1
1	1
1	2
3
1	2
$97
1	1
1	1
1	2
1	2
1	1
3	1
1
1
3
3
$98
2
1
2	1
2	1
2	1
2	2
1	3
1
1
2
$99
3
1
3
1
4
1
1	1
3	1
1	1	1
2
$100
1
1	1
2	1
1	2
2	1
2
2	1
1	1
3
2
$101
1	1
1	2
1
2	1
1	1
2	1
1
2	1
1	1
2
$102
1	1
1	1
1	1
1
4
1
1
3	1
1
1	3
$103
2	1
1	1
1
1	1
1	2
2
1
5
1
2
$104
1
1	1
2
2
4
2
2	2
1	1
1	1
1
$105
1
3
2
1	2
1	1
2	1
4
1
2
1
$106
2
1
2
1	1	1
1	2
1	2
3	1
1
1
2
$107
1
1	1
4
1
3
1	1
1
3	1
1	1
1	1
$108
3	1
2
1
1
3
1	1
2	1
2	2
1
1
$109
1
1	1
1	2
2
1	2
1	1
2
1	1
2	1
1	1
$110
2
1
1	1	1
3
1	1
1	1

2
2	2
1	2
$111
1
1	1
1	2
3	1
1
1	2
1	1
2
1	1
1	1
$112
2
1	1	1
1
1	1
2	1
2	2
1	1
2

1	2
$113
2
1	1
2	1
1	1
2

2
3
2	1
1	2
$114
2
1	1
1	1	1
2
1	1
2
1
2
2	1
1	1	1
$115
1	2
1	1
1
1	2
1	1
2
2
3
1	1
2
$116
2
1
2
4
2
1
3
3
1	1
2
$117
1
2	1
1
4
2
1	1
4
2
2
1
$118
2	1
2
1
1	1
2	1
1	1
1	2
1
2	2
1
$119
3	1
1
1
3
1	1
2	1
1	3
1	1
1
1
$120
1
1	1
1	3
1	1	1
1
3
1
4
1
2
$121
1	1	1
1	1
1	1
1	2
1
4
1
1
1
4
$122
1	1
3
1	1
1
1	2
1	1
2	1
2	1
1
1	1
$123
1	1	1
3
1	1
1
2
1	1
1
2	1
1	1
3
$124
2
1
1	2
3
1	1
1	1
1	1
1	1
2
3
$125
2
1	1
2
1
2	2
2	1
1	1	1
1
2
1	1
$126
1	1
3
2
2
1	1
1
2
3
1	1
1	2
$127
4
1
1	1
1	2
1
1	1
2	1
1	2
1	1
1
$128
1
1	1
1	1	1
1	1
1	1	1
1	1
2
3
1
3
$129
1
1	1
2
4
1	1
2	1
2
3
1	1
1
$130
2
1
1	2
1	1	1
1	1
2
1
1	2
1	1
1	2
$131
1	1
1
3
3
1	1
1
1	1
2
4
1	1
$132
1	1
2
1	1
1	1
1	2
1	2
2
1	1
3
1
$133
1	1
1	2
1
3
2
2	1
1
1	2
1	1
1	1
$134
1
1	1
3	1
1
3
2
1	1	1
2	1
2
1
$135
1	1
1
1
3
3	1
2	1
3
1	2
1
1
$136
1	2
1
1	1
1	1
2	1

2	2
1	1
1
1	3
$137
1
1	1
1	2
2
1	2
1	1	1

1
3
4
$138
1
1	2

1	3
2	1
1	2
1	1
1	1
1	1
2
$139
1
3
3
3
1
1
1
4
3
2
$140
1
1	1
2	2
3
1
4
2
1
2	1
1
$141
1
1	1
2
3
2	1
3	1
3
1
1	1
1
$142
1	1
1
2
2
2	2
1
1	2
1
1	1	1
2	1
$143
2
2
1
2
1	3
1	1
2
2	1
2
2
$144
1	2
1	1
1	2

1	1	1
1	1	1

3	1
1	1
1	1
$145
2
4
2
1
1	1
2
4
1
2
1	1
$146
2
1	3
1	1
2
1
3
1	1
3
1
1	1
$147
2
1	1
1	2
2
2
3
1	1
1	1	1
2	1

$148
1
4
3
1
1	1
4
3
2	1
1

$149
2
1	1	1
1	1
1	1
1	1
1	2
1	1
2	1
1
2
$150
1	1	1
1	2
2
1	1
1
1	1
2
1	1
1	1
2	1
$151
1	1	1
1	1
1	1
1	1
2
2	2
1
1	1

4
$152

2	1
3
1	2
1	1
1	1
2	1
2
4

$153
4

1	1
1	1	1
1	1
1	2
1	1
1	2
1
2
$154
1	1
1
1	1
2	1
3
1	1
2	2
2
1	1
1
$155
1	1
1
1	1
1	1
2	2
1	1	1
1	2
1
1	1
2
$156
4
1
3
1	1
1
3
1	2
1	1
1	1
1
$157
1
2
4
4

3
3
1	2
2

$158
3	1

1	2
1
3
1	1	1
1	1
1	1
2
1	1
$159
3
2
1	2
1
2
1	1
1	1
2	1
2	1
1
$160
1
1	1
2
2	2
2
4
3

1	1
1	1
$161
1	1

2	1
3
3
1	1
1	1
3
1	1
2
$162
3
2
1	1
2
2
1	1
4
2
1	1
1
$163
3
3
2
1	1
1
2	1
2
2
1	1
2
$164
2
2
2
1	1
3
1	1
1	1
2	1
1	1
2
$165
1	1
1	1
1	1
1	1
1	2
1	1
1	1
1
1	1
1	3
$166
1	2
1	1
1	1
3
1
1
1	2
1	2
1	2
1
$167
1	1
1	1
1
3
3
3
2
2
1	2
1
$168
1	1
1	2
1	1
1	2
1
4

1
2	2
1	1
$169
1
2
2
2	1
3
1	2
4
1	1

1	1
$170
2
2
2	1
1
1	2
1
1	1	1
2
1	1
3
$171
2	1
2
1
1	1
1	1	1
2	1
2	1
1	1

1	2
$172
2	1
1
2
3
1	1
1
4
1	3

1	1
$173
1
2	1
2	1
1	1
1	1
3	1
3

2
1	1
$174

1	2
2	1
2	1
2
2
3

1	1
4
$175
2
2	1
1	1
2	1
1
3
1	1
1	1
2	1
1
$176
3
1	3
1
1
2
2	1
1
2
2
2	1
$177
1	1
1
1	1
5
1
3
1	1
2
1	1
2
$178

1	1
1	3
1
2	2
1	1
1	1
1
3
2	1
$179
2
1	1
3	1

3
1
2
1	1
1	1
3	1
$180
1
3
1	1
1	1
1	1	1
1
3
1	1
2
3
$181
2
2	1
2
1	1	1
1
1	1
2
1	2
1
3
$182
1	2
2
1
1	1
1	2
1	1	1
1
2	1
1	1
2
$183
2	1
1
1
3
1	1	1
1
1	1
2	2
1
1	2
$184
2
1
1	2
4
1
1
2
1
4
1	2
$185

2	2
1	1
2	1
1	1
3
1	2

1	1
2	1
$186
2	2
3
1	2
1

1	1
1	1
2
3
2
$187
1	2
1
1	1	1
1	1
1	1
1	1
2
3
1	1
1	1
$188
3
1
1	2
3
1
3
1
1	2
3
1
$189
1	1
4
3
1	1

3
3
3
2

$190
1	1

2	1
2	1
3
1	1
1	3
2
1	1
1
$191
1	1
1
1
1	3
1	1	1
2

1	2
1
5
$192
1
2	1
3
2
1	1
4
3
1	1
1	1

$193
1	2
2	1
1	1
1
2
1
2
1
1	3
2	1
$194
2
1	2
1
1	1	1
1	1
1	2
2
1
2	1
1	1
$195
2
1	1
1	1
1	1
1	2
1
1	1
1
1	1	1
2	2
$196
1
3
2	1
2
1	1

1	1	1
2
1	1
4
$197
2	1
3
1
1	1
1	1
1	1
1	1
1	1
2	1
1	1
$198
1	3
1	1

1	1
1	2
1	2
1
1	1
1	1
2	1
$199
2	1
2	1
1
3
1
1
2
1	1
1	1
1	3
$200
1	2
3
2
1	1
1
2	1
1
2
1	1	1
1	1
$201
1	1
3
1	1
1	1
1	1
1
1	1
2
2	1
2	1
$202
1	1
4
3	1

1
1
3
2
2
2	1
$203
2
1	1
2	1
1
2	1
1	1	1
1	3
1
1
2
$204
2
3
3
2	1

3
3
3
1	1

$205
4
1	1
1
1
2	1
1	1
2	1
1	2
1
1	1
$206
1	1
1	1
1
2
3	1
1
2
2	2

3	1
$207
1	2
2
1
1	2
1	1
2
1
2
2	1
2	1
$208
1	1
3
1
1	2
1	1
3
2
1	2
2	1

$209
1	1
1	1	1
1	1
2
2
3
1
3
1	1
1	1
$210
1	2
1	1
1
1	2
1	1
1	2
2
1
2	1
2
$211
1
2
3
1	2
1	1
3
2
3
1
2
$212
1
1
2	1
1	1
4
2
2	1
1	2
1	1
1
$213
2
1	1
1	1	1
1	1
2
2

1	2
2	1
3
$214
1	1
1	2
3	1

1	1
3
1	1
2
1	1
1	1
$215
1	1
2
1
3	1
2
1	2
2
1	2
1
1	1
$216
2
2
1	2
1	1
1	1
3
1
3
1	3

$217
1	2
2
1	1
1	1
1	1
1	1	1

1	1
2
1	3
$218
3
2	1
1
2
2
2	1
2	1
1
1
2	1
$219
1	1	1
1
1
1	1
1	3
1	2
1
1	2
1	1
1	1
$220
1
3
2
1	1
2	1
1	2
2	1
3
2

$221
1	1
4
1
2
2
1
1
3	1
1	2
1	1
$222
2
1	3
1
2
1	1
1	1

2	1
2	2
2
$223
1
1
1
3
5
1	2
2
4
1
1
$224
2
1
1
2	1
4
1	1
1	3
2
1
1	1
$225
1	1	1
2
4

1	1
2
2	1
1	1
1
1	1	1
$226
2
2
1	1	1
1	1	1
1
2
1
1	3
1
3
$227
5
1
1
1
2	1
1	1
2	1
1
1	1
1	2
$228
2
4
2
1
1	1
1
2	1
4
2	1

$229
1
1	3
1	1	1
1
1	1
4

2
1	1
3
$230
1	2
1
1	2
1	1
1	1
1
3
1	1
1	1
3
$231
1
1	1
1	1	1
1	2
2
3

1	2
2
2	1
$232
4
1	1
1
4

2
1	1
1	1
1	2
1	1
$233
2
1
1	1
3
2	1
1	1
5
1
2
1
$234
1	1
1
3
1	1
1	1	1
2	1
1
1	3

1	2
$235
1	1
1	1
4
1	1
1
5
1
1
2
2
$236
1
1	2
2	1
1	1
1	1
2
2
1
2
2	2
$237
3
2
1
1
4
1
2	1
1	1
1	1	1
2
$238
1	1
1	1
2	1
2	1
1
1	1
2
2
1
4
$239
2
1
1
4
3
2
2
3
2	1
1
$240
1	1	1
4
1
1	1
1
1	1
1
2
2
2	2
$241
2
1	1
1	1
3
1	1
4
1
2	1
1	1
1
$242
1	1
1	1
1	1
1	1
3
2
2	1
3
1	1
1
$243
1
1	1
4
1	1
1	1
1	1
1
3
2
1	1	1
$244
1	1
2
2
1	2
2
1
2
1
4
3
$245
5
1	1	1
1
2

3
1	1
2	1
1
2
$246
3
1
4
1
2
2	1
1	1
1	1	1
1	1
1
$247
1	1
1	1
2	1
1	1
1	1
1	1
2
1	1	1
1	1
1	1
$248
3
1	1	1
1
1	1	1
1
1	1

2	2
1
4
$249
1	1
1	2
1	2
1	1
1
1	2
2
1	1
2
2
$250
1	2
2
1	1	1
1	1
1
2
2	1
1
1
1	3
$251
2
2
3
1
2	1
1	1
3
1
2
2	1
$252
1
3
1	1
1	1	1
1	1
3
1	1
1	1

1	3
$253
1	1
1	1
1	1	1
1
2	1
1	1
2	1
1
1	2
1	1
$254
3
1	2
1	1
2	1

1
4
1	1
1
3
$255
4
1	2

1
1	2
2
1	1
2
2	2
1
$256
1
1	1
2
1	1	1
2	1
4
1	1
1	1
1	1
1
$257
1	2
2
1
4
1
1
2	1
1	2
1	2
1
$258
1	1

2	2
1	1
1	2
1
1	3

1	3
1	1
$259
1	1
1	1	1
1	1
1	1
1	1
1	1
1	1
1	2
1	1
1	1
$260
3
1	2
1	1
1
1	1
3
1
2
2
1	1	1
$261
1	2
3
1	1
2
1
1
1
1	1
2	2
3
$262
1	1
2
2
2
1	2
1	1

3
4
2
$263
2	1
4
1	1
2

2
2
2	1
1	1
1	1
$264
3
1	1
2
1	2
1
3
1
2	1
1	2
1
$265

3
1	1
2
4
1	1
4
1	2
1
1
$266
2	1
1	1
1	1
1	1
2
1	1
1	2
3
1
1	1
$267
1	1
2
1	2
1
1	2
1
1	1
2
2	1
3
$268
1	2
1	1
3
1	2

1	1
1
2
1	2
3
$269

2
4
1	1
3
1	1
1	1
3
2
1	1
$270
4
1	1
1	2
2

1	1
1	2
2
1	1
1	1
$271
3
1	2
1
1
1	2

4
1
2	1
2	1
$272
1	2
1
1	2
1	1
2
1	1
1
1	2
3
2
$273
2	1
2
1	1
2	1
1
3
2	1
3
1
1
$274
1	1
1
1	3
2
1	1
1	1
1
1	2
1
3	1
$275
2
1
1	1
2
4

2	1
1	2
1	2
1	1
$276

2	2
1	1
1	2
1	1
1	1
1	1
2
1	1
2	1
$277
2
2
1	2
1	2
1
4
2
1
3
1
$278
1
3
2
2
1	1	1
1
1
2	1
4
2
$279
1
2	1
2	2
3

1
3
1	1
2
3
$280
1
2
1
1	1	1
4
2
1	1
1	2
1	1	1
1
$281
1	1
4

1	2
1	1
1	2
1
2	1
1	2
1
$282
1	2
1
1
2
3	1
3
1	2
1
2
1	1
$283
2
2	2
1
3
1
1	1
1	1
1	1
3
1	1
$284
1
3
2	1
1
2	1
1	1
4
1
2	1
1
$285
4

2	1
1	1
1	1
2
1	1	1
1	1
1	1
1	1
$286
1	1

2
1	3
3
1	2
1	1
1	2
2
1
$287
1
2	1
1	2
3
1
3
1
1
3
3
$288
1
1	1
1
2	1
3	1
1	1
2
1	2
2
2
$289
1	1
2	1
3
1	1
1
1	1
1
1	1
3
1	1	1
$290
1
2
1	3
1	1
2
1	1
1
4
2
2
$291
5
4

1
1
1
2
2	1
2
2	1
$292
1	2
1	1
1
1	2
2

4
1
2	2
1	1
$293
1
1	1
3
1
2	2
1	1
2	1
2
1
2	1
$294
1	1
1
2	1
2	1
2
1	1	1
4
1
1
2
$295
3
1
1	1
2
3
1	1
1	1
1	2
1	1
1	1
$296
1	1

1	1
5
2
1	1
2
1	1
3
2
$297
1	1
3
2
2
1	1
2	2
1	1
2
1
1	1
$298
2	2
2
1
1	1
1	1
1
1	1	1
1	1
2	1
1	1
$299
1
1
3	1
1	1
1	2
1	1	1
3
1	1
1
2
$300

1	2
2	1
1	2
2
2
2	1
1
1	1
3
$301
1
1	2
1	2

1	2
2	1

1
3	1
1	1
$302
1	1
1	1	1
1
1	1
1	1
1	1
1	1	1
1
2
2
$303
1
3
1	3
1
1
2
2
3
1
1	1
$304
1	1
1	2
2
1	1	1

1	1

1	1
2
4
$305
1	1	1
3
1	1
1
1
1	1
1	1
2
1	1
1	1
$306
2
3
1	1
1
2
1	1
1	2
2
1
1	1
$307
3
3
1
1	1
1
2	1
1	1
2
1
1	1
$308
1
1	2
1
1	1	1
2
2	1
1
4
1
1
$309
1	1
1	1
3
1	1
1
1	1

4
1
2	1
$310

3
2	1
1	1
1	1
1
2
2
1
4
$311
1	1	1
1
2
2	1
1
1	2
2
1	1

2	1
$312
1	1
2
1
3
2
1
1
2
2	1
3
$313
3	1
1	2
1	1

1
1	1
3
1
1
3
$314
3
1
1
1	2
1	1
1	1
2
1	1
1	1
1	1
$315
1
3
1	2
1	1
1
1
1
2	2
2
2
$316
4

2
2
1	1
1	1
1
1	1
1	2
2
$317
2
1
2
4
1
1	1
1	1
1
3
2
$318
2	1

1	1
1
2	2
1	1	1
1	1
1
1	1
1	1
$319
1
2
1	1
1	1
2	1
1	1
1
1	2
1
1	2
$320
1
3
1	1
1	1
2
1
1
1	2
2	1
2
$321
3
1	1
1	1	1
1
1
2
1	1
3
1
1	1
$322
1
1	1
1	1
3
2
3
1
2
1	1
2
$323
1
2	1
1
2
2	1
1	2
1	2

2
1	1
$324
1	2
1
1	1
2
2
1	1

1	1	1
1	2
1	1
$325
1	1
4
1	1
1
1
1
3
2
2
1	1
$326
1	1
1
1	2
1
2	1
1	1
1	1
1
3
1	1
$327
1
1	1
1	1
2
1	1	1
1
2
2
1
3	1
$328
2
1	3
1
1
2
2
1	1
1	1
2
1	1
$329
1
1	2
1
1	1
3
4
1
1
1	2
1
$330
1	1
2
2	1
1	1
1
1	1
1
2
2	1
1	1
$331

1
4
2
1	2

3
2
2	1
1	1
$332
2
1
1
1	2
1	2
1
2	1
1	1
1	2
1
$333
1
1	1	1
1
3
1	1
1
1
1	2
2
1	2
$334
1	1
1	2
1
3
1

2	1
1
3
2	1
$335
1	1
2
1
2
2	1
1	1	1
1

1	1
2	2
$336
3
2
2
1
1	1
1	2
1
1	1	1
1	1
1
$337
3
1	1
3
1
1
1	1
3
1	1	1
1
1
$338
2	1
1
1
1
4
1
2	1
1	1
1	1
1	1
$339
2
1
1
3
2	1
1	1
1	3
1	1
2

$340
1
2
1	1
1
3	1
3	1
1	1
2
1
1
$341
1
4
1	1

3
1
1
3	1
1	1
1	1
$342
2
1	2
1	1	1
1
1
1
2	1
1	1
1
3
$343
1	2
1
1	2
1
1	1
1	1	1

1	1
3
1	1
$344
1	1
1	1
1	1
1	1
1	1
2	2
1
1	1
2
1
$345
4
1
3
1
1
1
1
1	1	1
1	1
3
$346
1	3
1
2
1
1	1
1
1	1
1	2
2	1
1
$347
3	1

1	1
1	1
1	1
1
1	2
1	1

1	3
$348
1
2
3
2
2
1
1
1
2	2
1	2
$349
2
2	1
2
1
1	1
1	1
3
2	2

1
$350
2
1	1
1	2
1	1
1
1
2
1	2
2
2
$351
2
1
1	1
3
1	1
1
1
1
2	1
1	3
$352
1	2

3
2
1	1
1
1	1
1
1	3
1	1
$353
1	1
1	3
1	1
1
1
1
1
3
1
3	1
$354
2
1	2
1	1
2
1
1	2
1	2
2
1
1
$355
1
2

3
2	2
1	2
2
1
1	1
1	1
$356

2	1
2
2	2
1
3
4

1	1
1
$357
4
2
1	1
1	1

1
1	1
2
4
1
$358
2
2
1	3
1
1
1
1	1
3	1
2
1
$359
1	1	1
1	1	1
1
1
2
2
2
2	1
1
2
$360
3
1	1
2
2
1
3
3
2
1
1
$361
1
1	2
1
2	1
2
2	1
1
1	1
4

$362
1
1
3
1	2
2
2
1	1
1
3
2
$363
1
1	1
1	1
1	1
2	1
5
1
1
1	1
1
$364
2	1
1	2

3	1

2	1
1	1
1	1
2
1
$365
1	3
1	1
1	1
1
1
2
1	1
1
1	1
3
$366
2
2

2	2
1	1
1	2
1	1
1
1	1
1	1
$367
1	1
2
1
1	1
2	1
2	2
1	1
1
1
2
$368
1
1	1
2	1
2
1	1
2	1
1	2
1	2

1
$369
1
2
1
1	2
1	1	1
1	1	1
1
1
1	1
1	2
$370
1	1
1
1	1
2
2	1
1	1
1	1	1

2
1	2
$371
2	1
2
1

4
1	1
2	1
1	1
1
1	1
$372
1	1
2	1
1	1	1

2
3
1	1
1	1

3
$373
1	1
2

1	2
1	1	1
1	2
1
2	2
1
1
$374
1	1
1
3
1
1	2
1	1
1	1
3
1	1
1
$375
1
1	1
2
1	1
3
3
1
2
1	1
1	1
$376
1	1
1	1
1
2	1
2

1	1
1	2
1	1
1	2
$377
1
2
3
1	1	1
1
2

3
3
2
$378
2	1
4

1
2
1
2
1	1
1	2
2
$379
1	2

1	1	1
1
3
1	1

1	1
1	1
1	3
$380
2
1	2
2	1

1	1
1
1	1
3
2	1
1
$381

1	2
2	1
1	1
2
1	1
1
1	1
1	1
3
$382
1	1
2

1	1
4
2
1	1
2
1	1
2
$383

1	3
3
1	1
1
1
3
2
3
1
$384
1
2	1
2	1
1
2
2
2

1	3
1	1
$385
1
1
4
2	1
1
1	1
2
1	1
2
1	1
$386
1
3
1
1
2	2
1	1
1
1
1	1
4
$387
1	1
2
1	1
1
1	1	1
1
1
2	1
2
3
$388
2	1
3

2
1	1

2	1
2
1	1
1	2
$389
1
1	1	1
1
1
2	2
1	2
1
2
1	1
1	1
$390

2	1
1
2
4
3
1	2
1
1	1
1
$391
2	1
1	1
1	1

2	1
1	1
1	1
3
1
1	1
$392
1
2	1
1	1
1	1
1	1
2	1
3
1
1	1
1
$393
2	2
1	1
1	1
1
1
1	1	1
2

1	1
3
$394
3
1	2

2
2
1
2
1	2
1	2
1
$395
1	1
1	1
2	1
1
1	1
1	2
2
1
1	1
1	1
$396
1
3
1	1
1	1
2
3
1	1
2
1	1
1
$397
2	1
2
1	1
2
1
1
1	1
2
1	1
3
$398
2
1
1
2
3	1
1
2
1	2
1
1	1	1
$399
1	2
5
1

1
1
2	1
1
3
2
$400
1	1
1	3
2

1	1
3
1
1	1
2
1	1
$401
1
1	2
1	1
1	1	1
1
1	2
1
1
1
4
$402
1	1

1	1
4
2
1	2
2
2
1	1
1
$403
1	1
1
2
1
2	2
1	1
1
1
5
1
$404
1
1
1	1
3	1
2
2	1
1
2
1
3
$405
1
2
1	1
4
1
1
1
3
2	2
1
$406
1
1
1	2
2
3
2

1	2
3
1	1
$407
2	1
1
1	2
2
1
4
1	1

1	1
1	1
$408
2
2	1
1	1
1
1	1
3
2	1
1
2
1
$409
1	1
1	1
4
1
1
1	1
2
1	2
1
1	1
$410
1
1
1	1
2	1
2	1
1
3
1	1
1
1	2
$411
1
1
2
1	1	1
1	2
1	3
1
1	2
1
1
$412
1
1
2
1	1	1
2	1
1	2
1
1	2
1
2
$413
1	1
2
2
1	1
2
1	1	1
2	1
1	1

1	1
$414
1	1
1	1
1
3
1	1
1	1
3
2

2	1
$415
1
1	3
3
1
1
1	1

3	1
2
2
$416
2
1
3
1
1	1	1
1	1
1
1	1	1
1	1
1	1
$417
2	1
1
1	1
1	1
1	1
1	1
1	2
1
1
1	2
$418
2
1	2
1
1
1	2
1
1
2
2	1
2	1
$419
1
1
3
1
2	2
1
1	2
2
1	1
1	1
$420
1
2	1
3
1
1	1
1
3
2
2
1	1
$421
1
3
3
2
1
1
1
3
1	1
1	2
$422
1	1
1
2	2
1	1
1
1	2
2	1

1	2
1
$423
1
2	1
2
1	1
1	1
1	1
2	1
1
2
1	1
$424
1	2
2
2
1	1
1
1	1
1
1
3
3
$425
2
2	1
2
2
1
2	1
2
1
1	1
2
$426

1
4
1	1
2	1
1	2
1	1
1
3
1
$427

1	1
2
2
4
1	1
1
4
3

$428
2	1
1	2
1
1	1
1
1	1
2
1
2	2
1
$429
2
2
2
1	1
1	1
1
1
1
5
2
$430
1	1
2
2
1
2	1
1
1	1
1	1
1	2
2
$431

5
1
2
1	1
1	1
3
1	2
1
1
$432
3
2

3	1
1
1	1
2	1
2	1

2
$433
1	1

2
3
1	2
1
3
2
2
1	1
$434
1	2
1
2
1	2
1
1	1
2
1
2	1
1	1
$435
4

1	1
2
1	1
1
1	1
1	1
1	2
1	1
$436
3
1
1	1	1

2	1
2
1
1	1	1
1
1	1	1
$437
1
1	1
1
1	1	1
2	1
2
2	1
1	1
1
2
$438
1	1
1
3	1
1	1
1
1	2
1	1
1	1
1
2
$439
1
1	1
3
3
1
1
1	1
2
2
3
$440
4
1	1
2

1	1
1	1
1
1	1
1	1	1
2
$441
2
1	1
1	1	1
2
1
3
1
2
2
2
$442
1	2
1	1

2
3
2
1
1	2
1	1
1	1
$443
2
1	1
1	1
1	1
1	1
2
1	2
1
1	2
1
$444
1
1	1
2
4
1
1	1
1	1
1
2
2	1
$445
2	1
1
1
1	1
1	2
1
1	2

3
2	1
$446
2
1	2
1	1	1
1
1
3
1
2
2
1	1
$447
1	2
1
2	1
2
1
1
3
1	2
1	1
1
$448
1	1
3
1
1	1
2
1
1
2	1
2	1
1	1
$449
1	1
3
1
1	1
2
1
1
2
1	2
2	1
$450
2
2
1	1
2
1	1
1
1
1	1
2
3	1
$451
2
1
1
3
3
3
1	2
1	2
1

$452
3
3
1
2
1
2
2
2
3
1
$453

2
1	2
3
1	1
2	1
1
3
2
1
$454
1	1
3
2
1
1	1
1	1
1	1
1
3	1
1
$455
2
1	1
1	1	1
1
1	1
2
2
1
2
1	1	1
$456
1	2
1
2
1
1	1	1
2
1	1
2	1
1
1	1
$457
1
1
1
3	1
3
1
1	1
3
1
1	2
$458

1	1
1	1
2	1
3
1	1
2
1	1
3
1
$459
1
2	1
1	1
1
2	1
1	1
1	1
1	1
1
2	1
$460
2
1
1
1	1	1
1	1	1
3
1
1	2

1	2
$461
3
1	1
1	1
1
2
1
3
1
2	1
2
$462
1	1
1
2
2
3
1	1
1	2
1	1
1	1
1
$463
1	2
2
2
1
2
1
1	2
1
3
2
$464
2
1
1
1	1
1	3
2
1
1	1
1	1
3
$465
1
1
1	1
2
1	3
1	1
1	1
3
1
1	1
$466
1
2
2
1	1
1	2
1

1	1
2	1
1	3
$467
1
4
1
2	1
1
1
2	1
3
1	1
1
$468

1	2
1
1	1
3	1
1	2
1
1
1
4
$469
1
2
1	2
1
3
1	1
1
1	1	1
2
1	1
$470
3
1
1	2
2
1
1

1	3
1	2
2
$471
1	1
1	1
1	1
2
1	1

3
2
1	2
1	1
$472
1
1	2
1
3
2
1
2
1	2
1	2
1
$473
1	1
4
1
2
1
1
1
2
1	1
1	3
$474
1
1	1

2	2
3
1
1	1
1	1
2
1	2
$475
2
1	1
2	1
1
1	1
3	1
1	1

1	1
2
$476
1	1
1
1	2
1
3
1	1
1	1
2
1
3
$477
1	1
2
2

2	2
1
1	1	1
1
2	1
1	1
$478
1	1
1
2	1
1	1
1	1
2
2	1
1
1
1	2
$479
2

1	1	1
4
1
1
1	2
1	2
1
2
$480
1
1
2
4
1	1
1
1
2
4
2
$481
1	1	1

4
1
1	1
1	1
1
1	1	1
2
1	1
$482

1	1
2
1	1
3	1
1	1
3
2	1
1
1
$483
2
2
2
2
2
2
2
1
1	2
2
$484
1	3
3
1	1
1

1
1
2
3
2	1
$485
2	1
1

3
2	1
2	1
1	2
2
1
1
$486

1
1	1
2	2
2	1
3
2
1
1	1
2
$487
1	1
2
1	1
2
2
1	2
4
1
1	1

$488
1
1	2
1
2
1	2
1	1
1
1	2
3	1

$489

4
2
1	1
1	1
1	1
1
3
2
2
$490
2
1	2
1
2
1	1
1	1
2

1	2
3
$491
4
2
1
1	1
1
1	1
1
4
2
1
$492
2	1
1	1
1	1
1	1
1
1	3
2
1
2	1

$493

1
2
1	2
1	3
2
2
3
2
1
$494
1
2	1
1
1	1	1
2
3
1
1	2
1	1
1
$495
1
1
3	1
1	1	1
1
2
1	1
4

2
$496
1	1
1
1
1	2
2	1
1	1
2
1
2
3
$497
2
2
1	1	1
2
1
2
2
1	2
2
1
$498
4
2
1
1	1
1
1	1
2	1
2
1	1
1
$499
2	1
1	1
2
1	1
1
2	1
1
1
1	3
1
$500
2
3
1	2

2
2
2
3	1
1	1

$501
2
1	1
1	1
1	1
1
2	1
1
1	1
1
1	1
$502
1	1
2	1
1	2

1
1
3

3	1
1
$503
1	1
1
1
1	1
3
1
2	1
1
1
1	2
$504

1
2	2
1
3
1	1
1	1
1
1
3
$505
1	1
1
2
2
2
1
2
2
1	1
1	1
$506
1
1
2	1
1	1
1	1
1	2
1	1
1
2
1
$507

1
1	1
1	1
1	3
1	1

3
1
1	2
$508
1
3
1
2
1	1

2	1
1
1	2
1	1
$509
2
1	1
1
3
1
1	1
1
1	3
1
1
$510
3
3
2

1
1
1	1
2
2	1
1
$511
4
1


4
1
1	1
1	1
1	1
1	1
$512
1
1
1
3
1	2
1
1
1	2
2
2
$513
2
2
1
2	1
1
1
1
1
3
2	1
$514
2
3	1
1
1
1
1
1	1
2	1
1
2
$515
1	1
1
1	2
1	1
1

1	1
2
1
4
$516
1
1	1
2
1	1
2
2	1
1
1	1
1	2

$517

1
1
5
1	1
1
2
1	2
1
2
$518
1
1
1	1
2
1	2
1	1
1
3
1	1
1
$519
1	2
2
1
1
1	1
1	1
1	1
1
2
1	1
$520
2	1
1
2
2	1

1
1	2
1	2

1	1
$521
1
2
3
1
2
1	1

2
2	1
1	1
$522
1
1	2
1	1
1	2

3

2
1	1
2
$523

3	1
2
1
2
1
1
1	2
1	1
2
$524

2
2
3
2

2
4
3

$525
1
2
3
1	1
1
1
2
2
3
1
$526
1	1
1
1
1	1
3
1	1
1	2
1

1	2
$527

1	2
3
1
1	1
1
2
1
2	1
2
$528
1	1
1
2
1
3
1	2
1	1
1	1
2

$529

3
1
2
1	2

1	1
2
1	2
2
$530
2
1
2
1	1
1	1
1
1	1
1	1
1	1	1
1
$531
2	1
1	1
1	1

2
1
1	1
1
1
3	1
$532
1
1	2
1
1
1	2
1	1

3
1	1
1	1
$533
3
2
1
2
1

1	1
1	3
2
1
$534
2
1	1
2

3
1
2	1
1
1	1
2
$535
1
1
1	2
1	1
1	1
2
1
1
1	1
3
$536

1	1
1	3
2	1

1
1	1
2
1
3
$537
1
1	1
1	1
2
1	1
1
1	2
1	1
1	1
1
$538
2
1

2
3	1
1
2	2
1	2

1
$539
1
1
2
2
1	2
1	1

3
3
1
$540
2	1
1
1	1
1
1	1
1
1	1
1	2
1
1	1
$541
1	1
1	2
1	1
2

1	1
1	1
1
1
3
$542
1
1	1
1	1
1	1
1	1
1
3
1
2
2
$543
1
1	1
1	1
2
2
1	1
1	1
1
3
1
$544
2

1
3	1
1	1
2
1	2
1	1
1
1
$545
2	1
1	1
2
1
1
1	1
1	1	1
1	1

2
$546
2	1
1
1
1	1
2
2
1	1	1
1
1
1	1
$547
1
1	1
1
1	1
3
1	1
1	2
1	1
1	1

$548
2
2
2
1
2
2
1	1
1
2
2
$549
2
2
2
1
1	1
1
2	1
2
1	1
1
$550
1
1
1	2
2	1
1
1	1
1
1
3
2
$551
2
1
2	1
1	1	1

2	1
1	1
2

2
$552
1
2
3
1
1	1
1	1
1	1
2
1
2
$553
2	2
3

1
1
2
2
1	1
1	1
1
$554
2
1
1	1
2	1
1
1
1	2
1	1

3
$555
1	1
2
1
1	2
1
1
2
1	2
1
1	1
$556
1
1	2
1
1	1	1
1
1	1
1
2
1	1
1	1
$557
1	1
1	1
1	1
2
1
3
2
1	2

1
$558
1	1
2
1
1
3
1	2
2	1
1
1
1
$559
1	1
1
1	1	1
1
1	1
1	1
1
1	1
2	1
1
$560
2	1
2	1
2
1

1
3
3
1
1
$561
1
1
1
4
2
1
1
2
1	3
1
$562
1
1	1
1
3
1	1
1
1
1	1
2
1	2
$563
1
1
1	1
1	1
3
1
2
1	1
2
1	1
$564
2
1
2
1
1	2
2
1	1	1
1
1
1	1
$565
1	1
1
1	2
1
2
2
1	1	1

1
3
$566
1	1

4
1
1	1
1
1	1
1	1
1
1	2
$567
2	1

2

4
1	1
1	1
1
1	1	1
1
$568
1	1
1	1
1	1
1	1
1
3

1	1

4
$569
1	1
1
1
1	2
1	1
1	1
1	1
1
1
1	2
$570

1	1
1
1	1
3	1
1	1
1
2
1
1	2
$571
1	1
1	1
3
1
1
1	1
3
1	1

2
$572
1	1
1
1	1
1	1
1	1
1	1

1	3

2	1
$573
1
1
1
2
1	3
1
1
1	2
2
1	1
$574
1	1
1
3
1
2

2	1
1	1
1	1
2
$575
3
1
2
1
1	1
1
1
1
1	1	1
3
$576
2
2
1
1
3
2	1
1	1
1	1
1
1
$577
1	1
1	1
1
1
1	1	1
1
2	1
1
1
2	1
$578
3
1
1
1	1
2
2
1
1	2
1	1
1
$579
1	2
2
1
1
2
1	2

1
2	1
2
$580
3
2
1	1
1
1

2
1
3	1
2
$581
3
1
1
2
2
1	1
1	1
2	1
1
1
$582
3
1
1
1	1
1	1
1
1	2
1
1	1
2
$583
1	1

3
1	1
1	1
1
1	1
1	1
3
1
$584
1	1
2
1
2	1
1
2
2	1
1
1
2
$585
1
1
2	1
1	2
1
3
1
1	1
2
1
$586
2
1	1
1	1	1
1
1
2
1	1
1	1
1	1
1
$587
1
2

3	1
2
2	1
1	1
1
1
2
$588
1
2
1
1	1
3
1
2
1	1
1
2	1
$589
1
1
1	2
1	1
2
2
1
1
3
1	1
$590
2

1	2
4

1	1
1	1
1
2
2
$591
2
1	2
1
1
1	1
3

2	1
2
1
$592
1	1
1
1	2
1
2
1
3
1
1
3
$593
1
1
3
2
1	1
1
1	1
4
2

$594
2
1	2
1	2
1

1
1
2
4
1
$595
2
1
3
1
1	1
1
2
1	1
1	1
2
$596
2
2
2
1	1
1
2
2
1	2
1
1
$597
2
2	1
1
1
1	1

1
2	2
1	1
1	1
$598
2	1

2	1
1	1
1
1	2
1	1
1
1
1	1
$599
1	1
1	1

1	1
1	2
1	1
1
1	1
1
2	1
$600
2
1	1
1	2
1
1

3
1
1	1	1
2
$601
1
2
2
2
1	1

2	1
4
2

$602
1	1
1	1
1	2
1
1
3


3	1
2
$603
1	1
1
1	1
2
2
1
1	2

1
3	1
$604
1	2
1
1
1
1	2
1
1
1	1
2	2
1
$605
2
1	1
1
1	1
2

1	2
2	1

3
$606

1	1
3
2
2
2	1
3
3


$607
1	1
3
1	1	1
1

3
1	1
2
1
1
$608
1	1
3
1
1
1	1
1
1
1	1
1	1
2	1
$609
3
1
1	1
1
1	1
1	2
2	1
1
1
1
$610


1	2
1	2
3
1
1
1
3
3
$611
1	1
2
1	1	1
1
1
1	1
1
1
2
3
$612
1	2
1
3
1
1
1	2
1
3
1	1

$613
2
3
1
1
1	1
1
1
2
2	1
1	1
$614
1

2	1
1	2
2
3
1	1	1

1
2
$615
3
1
1
1
3
1	1
1	1	1
1	1
1
1
$616

2	1
1	2
1	1
1
1	1
1	1
1
2
2
$617
1	1	1
2
1	1
1
1
1	2

2	1
1
1	1
$618
1	2

3
1	1
1
1
1
1	1
1	1
1	2
$619
1
2
1
3
2
1	2
1	2
1	2


$620
3

1	2
1	1
1

3
1
1	2
1	1
$621
1	2
1
1	1
1
2
1	1
1	1
1	1
1	2

$622
1	1
1
1
2	1
2
1	1
2
1	1
1
1	1
$623
1	1
2
1	1
1	2

2
2
1	1
1	2

$624
1	1
2
1
2	1
1
5
1	1
1

1
$625
2
2
2
2
1

1
3
4
1
$626
1
1	1
1
4
1
2	1
1
1
2
1	1
$627
2	1
1

1	2
1	1
1	1
1	1

1	1
1	2
$628
1
2
1
2
3
1	1
1
1	1
1	2
1
$629
2	1
1	1
1
2
1
2
1	2
1
3

$630
1	1
1
2
2
1	1

1
2
2
3	1
$631
1	1
1
2
1	2
1

1	2
1
4
1
$632
1	2
1	1
1
1	1
1
1	1
1
1
2	1
2
$633
1
5
2

1
1	1
2
2
1
2
$634
2
1	1
1	1
1
2
1	1
2	2
1
2

$635
1	2
1
2
1	1
1
1	1
2

2
1	2
$636
2	1
1

2	1
2
2	1
1	2
1

1	1
$637
1
1
1	2
1	3

1	1
1
1
2
3
$638
1
1	1
1	1
1	1	1
1
2
1	1
1
2
2
$639
4
1
2

1	1
1	1
1	1
1	1	1
2

$640
1
1	1
1
1	2
2
1	1
2

2
2	1
$641
1
1	2
2
2
1

3
3
2
1
$642

1	1
1	1	1
2	1
1
3
1
1

4
$643
1	1

2
2
1	2
1	2
2
1
1	1
1
$644
1	2
1
1	1
1
1	1
3
1
1
1	1
2
$645
1
1
1	1
2	1
2
3
1
1
1
3
$646
1
2	1
2
1	1
1

1	1
3	1
1
1	1
$647
2
3
1
2	1

1	1
1	1
1
1	1
2
$648
1
1	1
3
1
1	1

2	2
1
2	1
1
$649
2
2	1
1
1	1
1
1
1
4
1	1
1
$650

1
4
2	1
1
1
2
2
1
3
$651
1
1	2

3
1	1
1	1
1
1	1
1	1
1	1
$652
1	1
1
1
3
1	1
2	1

2
1
1	2
$653
1	1
1
1	1
1
1	1	1
1
1
2	1
1
1	1	1
$654
2
2
1	1
1	1
1
1	1
3
1	2

1
$655
1
4
1
1
1	1
1
1	1
2
1	1
2
$656
1
1	1
2
2
1	1
2	1

1	1
2
1	1
$657
1
2
1
1	1
2	1
1	1
1
1	1
3
1
$658
2	1

1	1
1	2
1

1	2
1	1
1
1	2
$659
1
1
2
1	3
1
1
1
3
1	1
1	1
$660
1
2
2
2
2
1
2
2	1
2
1
$661
1
3
1	1
1	2

2

2
3
1	1
$662
1
2	2
1
1	1
1
1	1
1	1

2
3
$663
4
1
1
1
1	1
1	1
1
1	2
1
1	1
$664
1	1
1
1	1
2
2
2
1	1
2
1
1	1
$665
1
1
2
2	1
1	1
1
3
1
2
2
$666
1
2
2
1	1
2
1
2
2
3
1
$667

2
1	2
1	1
1	1
2
1
1
2
2	1
$668
3	1
1
1
1	1
1
2
1	3
1
1
1
$669
1	1
1
1
3	1
1
1	1
1	1
1
1	1
2
$670
1
1	1
1	1
2
1	1
1
1
1
1	1
4
$671
1
1	3

1	1
2
1	1

1	1
1	2
2
$672
2
2
2	2
1

1
2
1
1	2
1	1
$673
2
2
1	1
2	1

1
1	1
1	2
1
2
$674
1
1	3
1	1
1
1
1	1
1
2	1
1
2
$675
1
1	1
1
1
3	1
1	1
1	1
2	1

2
$676

1	1
1
2	1
1	1	1
3
1
1	1
1
1	1
$677
1	1
2

3
1	1
1	1
2
1	1
1	1
1
$678
1	2
1
1
2	1
1
1	1
3

1
1	2
$679
1
1	1	1
1	1
1
2
2
1
2	1
1
2
$680
2

1	1
2	1
2
3
2

1
1	2
$681
1	1
1	1
1
1	1
2
1
1
1
1	1
1	3
$682
3
2

2
1	1
1
1
2	1
2	1
1
$683
1	1
1
2
1	3

1
1
1
1	2
3
$684
1
1	1
2
3
1
1
1
1	2
4

$685
1	1
1	1

3
2
1	1
1	1
1
1	1
1	1
$686
2
1	1
2	1
1
1

2
1
1	1
4
$687
1
3
1	1
1
1	1
1	1
1
5
1

$688
1	1
1	1
1
4

1	1
3
1	1
1	1

$689
1
1
1
3
3

2	1
3
2
1
$690
1	2
1
2
1
1	1
1
1
1	2
1	1
1	1
$691
1	1
1	1
1	1
1	1
1
1	1
1
1	2

3
$692

1	1
3
1
2	1
1	1
1	1
3
1	1

$693
1	1
1	1

1	1
2	1
2
2	1

2	1
1
$694
2
1
2

3	1
1
1	1
1	1
2
1	1
$695
1	1
3	1
2
1

3
3
1
1
1
$696
1
2
2	1
1
2
3
2
1
2
1
$697
2
1	1
1
1
2	1

1	2
1	1
2
1	1
$698
3

1	1	1
1	2

1	2
1
1	1
1
2
$699
1	1
1	1
2

2	1
1	1
1	1

1
3	1
$700
1	1
3	1
1	1

1
2
1
2	1

3
$701
2

2	1
1
1	1
1	1
1	1
1
1
1	1
$702
1
1
1
1	1
3
3
1	1
2
1

$703
3


2
1	2
1
1	2
1
1	1
1
$704
2	1
2


1	2
1
2	1
1
1
1	1
$705
1	1

4
1
1
1	1
1
1
1	1
1	1
$706
1
2	1
1
2
1
1
1	1
1	1
1
2
$707
1

1	1	1
2	1
1
1
1
2
1
1	2
$708
3
1
1	2

1
1	1
2
1	1	1
1

$709
2	1
1	1
1	1

1
3
1	1

1
2
$710
1	1
1

1	2
2
1	1

1	1
1	2
1
$711
1
1	1
1	1
1	1
1
1
1	1
1
3
1
$712
1
1
2
1
3
1
1
1	1
3
1
$713
1
1	1
1	1
1
1	1
1	2
1

2	1
1
$714
1
1	1
2	1
1	1

1
2
2

3
$715
1	1
1
1
2
1	1
1
1
2
2	1
1
$716
2
1
2	1
1
1
1
1	2
3

1
$717
1	1

1	1
1	1
2
2
1	1
1
1
2
$718
1
1	2
1	1
2

1
1	1
1
1
3
$719
1
3
2
2

1
2
3
1
1
$720
1
2	1
1
1
1	1
1	1
2
1	1
1
1
$721
1	1
1	1
1
1
2
1

4
1	1
1
$722
1
1	1
1
2
1	1

2	1
1
2
2
$723

1	1
1	1
1	1
2
3
1
1
2
1
$724
1
1
1	1
3
1
1
2
1	1
1
2
$725
3
2
1	1
1

1
1
1	2
1
1	1
$726
1	1
2

1
1	2
1	1
1
1	1
1
1	1
$727
1

5
1
1
1
1	1	1
2
1
1
$728
1	1


1	2
1	2
1	1
1
1	1
2
1
$729


1
4
3

2
2
2
2
$730
1
1	2
1
2
1
1	1
2	1
1
1
1
$731
1
1	1
1
1
1	2
1
1	1
1
2
1	1
$732
1
1
1	3

1	1
1	1

1	1
2
1	1
$733
2
1	1
2	1

1

1
2
1
3	1
$734
1
1
1	1
1	1
1	1
2
1	1
1	1
2

$735
1
2
1
1
1	2
1
1

1	1
4
$736
2
1
1
2
1	1
1
1	1
2
1
2
$737
1	1
3

1	2

2	1
1
2	1
1

$738
1
1	1
1
1	1
2
1	1

2	1
2
1
$739
1
1	1

1	1
3
1
1	1
1	1
1	1
1
$740
2
1
1
1
3
1
1	1
1	1
2
1
$741

2	1

1	1
2	1
1	1
1	1
1
1
2
$742
2	1

1	1
1	1
1
1	1
1	1	1


1	2
$743
1	2
2
1
1
1
1	1
1	1

2
2
$744
2
1
1	1
1
1	1
1
1	2
1
1
2
$745

1
2
1	1
3
2
1
3
1
1
$746
1
1
3
1	1
1

1
1	1
1
4
$747
1
2	1
1
1	1
1
1
1	1
1

4
$748

3
3
1
1
1

2
2	1
2
$749
2
1
1
1	1
1	1
2	1

2
1
1	1
$750
1
1	1
1	1
1	1
1
1
1
2
2
1	1
$751
2	1
1
1
1	1
1
1
1	1
2	1

1	1
$752

2

1	2
2	1
1	1
1	1
2
1
1
$753
1
2
1	1

3

1
2	1
2	1
1
$754
1
3

1	1
1	1
1	2
2
1
2

$755
3
1

1	1
1	1
1	1
1
1	1
1	1
1
$756
1
2
1	1
1
1	1
1
1
2
1	1
2
$757
1
2
3	1
1

1	1
2
3

1
$758
2
1
3
1
1
1
1	1
3
1
1
$759
1
2
1	2
1	1

2

1
2
1	2
$760
1

1	1
3
1	1
2
1	2
2

1
$761
2
2
2

1	1

1

3
3	1
$762
1

2	1
1	1
1	1
1
2
1
1
3
$763
1
1
1	1	1

3
2	1
1	1
1	1

1
$764
1	1
1	1
1
2
1
2	1
1	1
1

2
$765
1	1
1
1	1
1	1
1
2
1	2
1
1	1

$766
2	1

2
1	1
1
1
1
1	1
1
1	1	1
$767
1
1	1
1	1
1	1
1
1
2
2

1	2
$768
2

1
2	1
1	1
2
1
1	1
1
1	1
$769
2

1	1	1
1	1
1
1

1	2
1	1
2
$770
1	1
1
1	1
1
1	1
2
1	1
1
1	1
1
$771
1	1
1
2
2
1
1
2

1	2
2
$772
3
1
1
1	1
1

1	2
1	1
1	1
1
$773

2
1	1
1	1
2
1

4
1	1
1
$774
1
4
1
1
1
1
1
1	1
3
1
$775
1	1
1
1	1
1
1	1
1	1

1
4
1
$776
1
1	1
2
1	1
1
2
1
2
1	1
1
$777
1
4
1
1	1

1
1	1
2
3

$778
1	1
1
1	1
1	1
1
2
1	1

2
2
$779
1

1	1
3
1	1
1

3
1	1
2
$780
1	2
1
2

1	1
1	1

1
1	1
2	1
$781
1
1	2

3
1

1
1
1	2
2	1
$782
1
2	1
1
1	1
1
2
1
2	1
1
1
$783
1	1
1	2

1
2
1	1
1

1	1
2	1
$784


1	3
1
2	1
1	1
1
1
3
1
$785
2
2
1	1
1
1
1
3
1	2

1
$786

2
2
3
1
1
2
1
1	1
1	1
$787
2
1	1

1
3

2	1
1	2
1	1

$788
1	1
3
1	1
1

1
1
2
1
3
$789
2	1
1
2	1
1

1
3
1
1
1	1
$790
1	1
2
1
2
1
1
1	2

2
2
$791
1	1
1
1	3

1
1

1	1
2	1
1	1
$792
1
3
2
1
1
2	1
3
1
1

$793
1
1
2
1	1
1	1
1
3
1
1
1	1
$794
1	1
2
1
2
1
4
1	1

1
1
$795
1
1
1	1
2
1	1

1	1
1	2
2
1
$796
1
2
1	1	1
1
1
1	1
1	1
3

1
$797
1	1

1
2
3
1
1	1
2
2
1
$798
2	2
1
2
1

1	1
1	1

1	1
2
$799
1	3
1
1	1

1
1
1	1
2
1
1	1
$800
2	1
1
2
1
1
1
1
3
1	1
1
$801
1
1	2
1
1	1
1
1	1
1
1	1
1
1	1
$802
1

1
1	2
1	2
1	1
1

3
2
$803

1	1
2	1
1
1	1
2	1
1

2
2
$804


1	2
1	2
1	1
2

2
2
1	1
$805
1	1
1	1
1
1
2
1
1	1
1
1
2	1
$806
1	1
1
1
1	1	1
1
2	1

1
1	1
1	1
$807

1
2	2
1
1	1
1	1
1
1
1
3
$808
1
2

3	1
1
2
1	1
1	1
1
1
$809
1	1
1
1
1
3
1	1

1	2
1	1
1
$810
2
1
2
1	1
1
1
1	1

1	1
1	2
$811
1	1
1	1	1

1
2
1
1
1	2
1	1
1
$812

3	1
1	1
1
1
2
1
1
1	1
1	1
$813
1
1	1
1
1	1
1	1
1	2
1	1

1	1
1
$814
2	1
1	1
1

2
1	1
1	1
2
1
1
$815
1
1	1
2	1
1	1

2
1
1
1
2	1
$816
1
1	1
1	1
1
1	1
3	1

1
3

$817
1
1
2	1
1
1	1
1
1	1
1	1

2	1
$818
1	1
1
2
1	1
1

1
3
1	1
2
$819
1
1
2	1
2
1
2
3
1	1
1

$820
1
1	2
1	1
1
1
1
1	1
1
2
1	1
$821

1
2
3
2
2
2
1
2
1
$822
1
1
1	1
1	1
1	1
1
1
3
1
2
$823
2
1	1
1	1
2

1
1
1
1	2
1	1
$824

2	1
1
1
1	1	1
1	1
1
1
3
1
$825
1
1
1
2	1
1	1
1
3
1
2
1
$826

1	1
3
1	1
1
2
2
1	1
1
1
$827
2
2	1
2

1
2
3	1
1
1

$828
1	2
1
2
1
1
1
1
1	3
1	1

$829
1	2
1
1
2
1
2
1
2
1
1	1
$830
1	1	1
1
1	2

1
1	1

3	1
1
1
$831
1
1	1
1
1
1	1	1
1	1
1
1	1
2
1
$832

1	2
1
1	1
2

3

1	1
1	2
$833
2

1	1
1
2	1
1
1
1
1	2
1	1
$834
1	2
1
1	1
1	1

1	1
1
2
1	2

$835
2	1
1	1

1
2
2
1	1
1
1	1
1
$836
2	1

1
2
2
1	1
1	3
1

1
$837
1
1
1	1
1	1
1	1
1	1
1
3
2

$838
1
1	1
1	1	1
1
1
2

1	1
1	1
2
$839
1
3
1
1
2
1
1	1
3
1
1
$840
1	1
1	1
1
1	1
1
1
1	1

4
1
$841
3	1
1

1
1	1
2
1	1
1
2
1
$842
1
1	1
2	2
1

1	1
2
1
2
1
$843
1	1
1	1
1	1
1
1
1
2
1	1
1
1	1
$844
1	1
1	1	1
1
1
1
1
1	1	1
1
1	1
1
$845
1
1	1
1
1	1
1	1
1
1	1
1
1
2	1
$846

2	1
1
3
1
1
1	1
1
3
1
$847
3

2
1
2
1
1	2
1	1	1
1

$848
1

3
1
2	1
1
1	1
1	1
1
1	1
$849
1
2
1	1
1	1
1
1
2
1	2
1
1
$850
3
1	1
1
2

1
2
1	1
2
1
$851
1	2
2

2
1
1
1
1	1
2	1
1
$852
1
1	2
2
1
1
1
1	1
1	1
2
1
$853
1	2
3
1
1

1

3
2	1
1
$854
2	1
1
1
2
1
1	2
1	1

1
2
$855
2
2
2
1
1

1	1
1	1	1
1	1
1
$856
1
2	1
1
1	1
1
3
1	2

1
1
$857
2
1	1

1	1
2
2	1
1	1
1

1	1
$858

1	2
1
1
1	1	1
1	1

1
1	1
2	1
$859
1
2
2	1
1
1
1
1
1
3
1	1
$860
1	1
1
1
1
3

3	1
1
2
1
$861
1	1
1	1

2	1
1
1	2
1	1

2
1
$862
1	1
2
2

2
1	1
1
2
3

$863
1	2

1
2	1
1
1
1	2

1	2
1
$864
1
1
2
1	1
2

1
2
3
2
$865

1
1	1
3
1	1
1	1
1	1
2
1
1
$866
1	1
1	2
1
1
1
3
1

1
2	1
$867
1
1
1	1
1	1
1	1
2
1	1
1
1
1	1
$868
1	1
1	2

1	1
1
1	1
1	1
1
1	1
1
$869
1
1

2
3	1
1	1
2
2

1	1
$870
2

1	1
1
1	1	1
1	1
1	1
2
1
1
$871
2	1
1
1	1
1
1
1	1
1	2

2
1
$872
1	1
2
2
1
1
1	2
3
1

1
$873
1	1

1
1
4
2
1	1
1
1
1	1
$874
2	2
1	1
1
1

1	1
1
2
1
2
$875
3
2
1
1
1

1	1
2	1
3

$876
1
1
4
1	1

1
2
2
1
1	1
$877
1	1
1	1

2
1	1
1	1
1	1
1
1
1	1
$878

2	1
1	1
1
1	1
1	1
1
1	1

2	1
$879
1
3
1
1	1
1
1
1
2	1
2
1
$880
1
1	1
1	2
1
1
3

2
1	1	1

$881

1	1
3
1	1
1
1
2	1
1
2
1
$882
1	1
1	1

1	1
2
1	1

1	1
1	2
1
$883
1
2
1	1
1	1
1
2
1	1

3
1
$884
1	1
1
2
1	1	1

1	1

1
3
2
$885
1
1	1
1
1
1	2
1
1
1	1
1	1	1
1
$886
2
1
2	1
1	1

1
2
1	1
1	1
1
$887
2	2
1
1
1
1
1	1
1	1

1
2	1
$888
2
2	1

1	1
1
1	1
2
1	2

1
$889
1	1
1	1
1
2
1
1
1	1
3

1	1
$890
2

1
3
2
3
1	2
1	1


$891
1
1
1
3
2

1	2
1	2
2

$892
2
1
1
1	1
1	1
1	1
2	1
1
1
1
$893
2
1	1
1
2
1
2
1	1
1	1
1	1

$894
2
1	1
1
1
2
1
1	2
1	1	1
1

$895
2
1	1
1
1
1	1

1
2	1
1
1	2
$896
1
1	2
1	1

2
2	1
1

3
1
$897
1
2
1
3
1
1
1
3
1	1
1
$898

1	1	1
1
1	2
1
1
2
1
1
3
$899
1
1
1
2	1
2
1
1	1
1
1
3
$900
1	1
1
2	1
1
1
1	1
1
1	1
1	1
1
$901
2
1	1

1
2
1

2
2	1
1
$902
1	1
1
1
1	1
1
1
1
2
1	2

$903
1

3
1
2
1

3
1	1
1
$904
2
3	1

1

1
1	1
1
1
2
$905
1	2
1
1
1
1
1
2
2
1
1
$906
1	1
2

1
2
1

2	1
1	1
1
$907
2
1	1
1
1
1
3
1	1

1	1

$908
2
1

1	1
1	1
2
1	1
1

2
$909
1	1	1
1	1
1

1
1
1
2

3
$910
1	2
1	1

1
1
1
2
1
2
1
$911
1

1
1	1
3

1
1	1
2
1	1
$912
1	1

2	1
1
1
1
1	1
1	1

1	1
$913
1
1
1
1
1	2
1	2
1
1
1
1
$914

1	1
3
1
1
1
1
1
4

$915
2
1	2
2



2
1	1
2
1
$916
1	1
2	1

1
1
2
1	1
1
1
1
$917
1
2
1	1
1
1

2	1
2	1

1
$918
4

1
1	1


1	1
1	1
1
1	1
$919

1	2
1	1
1
1
1
1
1
1
2	1
$920
1
1	1	1
2	1


2
1	1
1
1
1
$921
1
3
1	2


1
1
1
2
2
$922
1	1
1

1
3
1
2
1	1
1
1
$923
1	1
1

2	1
1
1	1
1

1
1	2
$924
1
1
1
1	1
1	1

4

1	1
1
$925
1	1
2
2
1

1
1
1	1
1
2
$926
1
1
1
1
1	1	1
1	1

1
1	1
1	1
$927
1	1
1	1
1
1
1

2
2
1
1	1
$928

1
2
1	1
1	1
2
1

3
1
$929
1	1

2	1
1
1
1	1
1
1	1
2

$930
4

1
1
1
1	1	1
1
1	1
1

$931
2	1


1
1	2
1
1
1
2
1	1
$932

2
1	1
1
2
2
1	1

2
1
$933
1

2	2
1
1
1
1

1	1
1	2
$934
1
1
1	1

2	1
1	1
1	1
1

1	1
$935
1
2
3
1

1
2
2
1
1
$936
1


1	2
3

1
1
2
1	2
$937
1	1
1	1
1	1

1
1
2
1
1
1	1
$938
1
2	1
2
1

1
2
1

2	1
$939

2	1
1
1	1
1
1
1
1	1
1
1	1
$940
1	1
1
2
1
1
2
1	1
1

2
$941
1	1
1
2

1	1
1	1	1
1
1
1	1

$942

2
1

3	1
1	1
2	1
1

1
$943
1	2
1
1
1
1
2	1

1	1
1	1

$944
2
1
1	1
1
1
1	1
1
1	1
1	1

$945
2	1
2

1
1

1
1	1
1	1
2
$946
2
2
1	1

1
1
2
3

1
$947
1
2
1
2	1


2	1
3

1
$948
1
2

3
1
1	1
1	1
1	2


$949
1	1
1

1	1
1	1
1
1	1
1	1

2
$950
2

1
2
2
1
1	1
2
1
1
$951
1
2
2
1
1

1
1	1
2
1	1
$952
1	1	1
1
1
1
1
2
2
1

1	1
$953
1	2
2	1

1

2
1
1
1
1	1
$954
1	2
2

2

1

1
2	1
1	1
$955
1
3

1
1	1
1
1
2	1
1
1
$956
4
1
1
1

1
2
1
1	2

$957
1	2
1
1
1
1
3	1

1
1	1

$958

1
1
2
2	1

1
4
1
1
$959
3

1	1
1
1
1
2
1
1	1
1
$960
2
1
1	1
1
1
1
1
1
1
1	2
$961
2

2
1	1	1

1	2
1	1
1

1
$962
2
1	1
1
1	1

1

4
1
1
$963
1
1	1
1
1
1	1
1
1	1
1

3
$964
1
1	1
1
2
1
1
1	1

2
1	1
$965
1
1
2
1
1	1
2	1

2
1
1
$966
2
1	1
1	1
1


3
1	1
1
1
$967
1	1

1	2
1
1
1
1
2
1	1
1
$968
2
1
1	2
1

1

1	2
1	1
1
$969
2	1
1
1
1
1
2
1	1
2

1
$970
3
1

1	1
1
1

2	1
1
1	1
$971
1
3	1
1

1
2
1
2
1
1
$972
1
1
1	2
1
1
1
1
2
1
2
$973
1
1
1	1
1	1
1
2

3
1
1
$974
1	1
1
1
1
1	1
1
2	1

1	1	1

$975
3
1

1
1	1
1	1
2	1
1	1


$976

2
2
2
1
1
3
1
1
1
$977
1
1
1
2	1
1
1	1
1
1	2

1
$978
1	1
1
2
1
1
1
1
1	1
1
1	1
$979
2
1
1
1
2
1	3
1	1


1
$980
1
1
1	1

2	1
1	1
1	1


2	1
$981
1
1
1
3
1
1
1	2
2
1

$982
3
1
1
1
1

1
1	1
2	1
1
$983
2
4
1


1
1
1
3
1
$984
1
2
1
1
1	1
1	1

1	2
2

$985
1
1	2

1	1
1
1
1

1
2	2
$986
1
1	1
1
2
1
1
1	1
1
1
2
$987
1

4
2

1	1
1
1
2
1
$988
3	1
1
1
1

1
1
2

1	2
$989
1
1

1	1
1	2
2

1
1
2	1
$990

1	1
1	1

3
1
2	1
1
1
1
$991
2
2
1	1

1
3	1
2
1


$992


3
1	2
1
1
1
1
2
2
$993
1	1
1

3
1

1
1	1
1
1	2
$994
1	1

1
1
1	2
1	1

2
1
1	1
$995
1
1
1
2
1	1
1
2
1
2
1
$996
1
1	1
1	1
2

1
1
1
2
2
$997

2	1
1
2
1
1
1
1
2
1	1
$998
1	2
1

1	1
1
1	1

1	1
1	1
1
$999
1
1
2
1	2


1
2
2
1	1
$1000

1	1
1	2
1
1

2
1
2
2
