$1
0	1	1	1	0
1	0	0	0	0
0	1	0	0	1
0	0	1	0	1
1	1	0	1	1
$2
0	0	1	0	1
0	1	1	0	1
1	0	1	0	1
1	1	0	0	0
1	0	0	0	1
$3
1	1	0	0	1
0	1	1	0	0
1	0	0	0	1
0	1	0	0	1
1	0	1	0	1
$4
0	0	1	1	1
1	1	0	1	0
0	0	0	1	0
0	1	0	1	0
1	0	1	0	1
$5
1	1	0	0	0
1	0	1	1	0
0	1	0	0	0
1	1	0	1	1
0	0	1	0	1
$6
1	0	0	1	1
1	1	0	0	0
0	1	0	1	0
1	0	1	0	0
0	1	1	1	0
$7
1	0	1	0	0
1	0	0	0	1
0	0	1	1	1
1	1	0	0	0
0	0	1	1	1
$8
0	1	1	0	0
0	0	0	0	1
0	0	1	1	1
0	1	0	0	1
0	1	1	1	1
$9
1	0	1	1	1
0	1	1	1	0
0	0	0	0	1
0	1	0	0	1
1	1	0	0	0
$10
0	1	0	1	0
0	0	0	1	0
0	1	0	0	1
1	0	0	0	1
1	1	1	1	1
$11
0	0	0	0	1
0	0	1	0	1
1	0	0	1	1
1	1	1	0	0
1	1	1	0	0
$12
1	0	0	0	1
1	0	1	1	1
1	0	1	0	0
0	0	1	1	0
0	0	1	0	1
$13
0	0	1	0	0
1	1	1	0	0
1	0	0	0	1
1	1	1	0	0
1	1	0	1	0
$14
0	0	0	1	0
1	0	1	1	1
1	0	1	0	1
1	1	0	0	0
1	1	0	0	0
$15
0	0	0	0	0
0	1	1	0	0
0	0	0	1	1
0	1	1	1	1
1	1	0	1	1
$16
0	1	1	1	1
0	1	1	0	0
0	0	0	0	1
0	1	1	1	1
0	0	0	1	0
$17
1	0	0	0	0
0	1	0	0	0
0	1	1	0	0
1	1	0	1	1
0	1	1	1	1
$18
0	1	1	0	1
1	0	0	0	1
1	0	1	0	0
1	0	1	0	1
0	0	1	0	1
$19
1	0	0	0	0
0	1	1	0	1
1	0	0	1	1
0	1	0	0	1
0	1	0	1	1
$20
1	0	0	1	0
0	1	1	0	0
1	1	0	1	1
0	0	0	1	0
1	1	1	0	0
$21
0	1	0	1	0
1	1	1	0	0
1	0	0	0	1
0	0	0	1	0
1	1	1	1	0
$22
0	0	1	0	1
0	1	1	1	0
1	0	0	0	1
1	1	0	0	1
0	1	0	1	0
$23
1	0	0	1	0
0	0	1	1	0
0	0	1	0	1
1	1	1	0	0
0	1	1	1	0
$24
1	0	0	1	0
1	0	1	1	1
0	0	0	0	0
0	0	1	0	1
1	1	1	0	1
$25
0	0	0	1	0
0	0	1	1	0
0	0	1	1	1
1	1	1	0	0
1	1	1	0	0
$26
0	1	1	1	0
0	0	0	1	1
0	0	0	1	1
0	1	1	0	0
1	0	1	1	0
$27
0	1	0	1	1
1	0	1	0	1
0	1	1	0	0
0	0	1	0	0
1	1	0	0	1
$28
0	0	0	1	1
1	1	0	0	1
0	0	1	1	0
0	1	1	1	0
0	1	1	0	0
$29
0	0	1	1	1
1	0	1	1	0
0	0	0	0	1
0	0	1	1	0
1	1	0	0	1
$30
0	0	1	1	0
1	0	0	0	0
1	0	1	1	1
1	1	0	1	0
0	1	1	0	0
$31
1	0	1	0	0
1	1	1	0	0
1	1	0	1	0
0	0	1	1	0
0	0	1	1	0
$32
1	0	0	1	0
1	0	0	0	0
0	0	1	1	0
0	1	1	0	0
1	1	1	1	1
$33
1	0	0	0	0
0	1	0	1	1
0	1	0	1	1
1	1	1	0	0
1	0	0	1	0
$34
1	1	0	0	0
0	1	1	0	0
0	1	0	0	0
1	1	0	1	0
0	1	1	1	1
$35
0	0	1	1	0
1	1	0	0	0
0	0	0	1	1
0	1	1	0	0
1	1	0	1	1
$36
0	0	0	0	1
1	1	1	0	0
1	1	1	1	0
0	0	1	0	1
0	0	1	1	0
$37
1	0	0	1	0
1	0	1	1	0
1	0	0	0	0
0	1	0	0	1
1	0	1	1	1
$38
0	0	1	1	1
0	0	1	0	0
0	1	0	1	1
1	1	0	0	0
1	1	0	1	0
$39
1	0	0	0	0
0	1	1	1	1
1	1	0	0	1
1	1	0	0	0
1	0	0	0	1
$40
1	0	0	1	0
0	1	0	1	1
1	1	1	0	1
1	0	0	0	1
0	0	0	1	0
$41
0	1	0	1	1
1	1	0	0	0
0	1	0	1	1
0	1	0	1	1
1	0	0	0	0
$42
0	1	0	1	0
1	1	1	1	1
1	0	0	1	1
0	0	0	1	0
0	1	0	0	0
$43
1	0	1	0	0
1	1	1	1	0
0	0	1	1	1
0	0	1	1	0
1	0	0	0	0
$44
0	0	0	1	0
0	0	1	1	0
0	1	1	1	0
0	0	1	1	1
0	1	1	0	1
$45
0	0	0	1	1
0	1	1	1	1
0	0	1	0	0
1	1	0	0	1
0	1	0	1	0
$46
0	0	1	1	0
1	1	1	0	0
0	1	0	0	1
1	0	0	0	0
1	1	1	0	1
$47
1	0	0	0	1
0	1	0	1	0
0	0	1	1	1
0	0	0	1	1
1	0	0	1	1
$48
0	1	0	0	0
0	0	1	1	0
1	0	1	0	1
1	0	0	1	1
0	1	1	1	0
$49
1	1	0	1	0
0	1	1	0	0
0	1	1	0	0
0	0	0	1	0
1	1	1	1	0
$50
0	0	1	1	0
1	1	1	1	0
1	1	0	0	0
0	1	0	0	0
1	1	1	0	0
$51
0	1	1	0	1
0	1	0	0	0
1	1	0	0	1
0	1	0	0	1
1	1	0	0	1
$52
1	1	1	0	1
0	1	0	0	0
0	1	0	0	1
0	0	1	1	0
0	1	0	1	1
$53
0	0	1	0	0
1	0	1	0	0
1	0	1	0	0
0	1	1	1	1
1	0	1	0	1
$54
0	1	0	1	1
0	1	1	0	0
0	0	1	1	0
1	1	1	0	0
1	1	0	0	0
$55
1	0	1	1	0
0	0	0	1	1
1	1	0	0	0
0	1	0	1	0
0	0	1	1	1
$56
1	0	1	0	1
0	1	1	0	1
1	1	0	0	0
1	1	1	1	0
0	0	0	0	0
$57
0	0	1	0	1
1	1	0	1	1
1	0	0	1	0
1	1	1	0	0
0	0	0	0	1
$58
1	1	0	1	0
0	0	1	1	0
1	0	0	0	0
1	1	0	1	1
0	1	0	0	1
$59
1	0	1	1	0
0	0	1	1	0
0	0	1	0	0
1	0	0	1	1
1	1	0	0	1
$60
1	1	0	1	0
1	0	0	1	1
0	1	1	0	0
0	1	0	1	1
1	0	0	0	0
$61
1	1	0	1	0
0	1	1	0	0
1	1	0	1	1
0	1	0	1	0
1	0	0	0	0
$62
0	1	0	0	1
1	1	0	0	1
1	0	0	0	0
1	1	1	0	1
1	0	0	0	1
$63
0	0	0	1	0
0	1	1	1	0
0	0	0	1	1
0	0	1	1	1
1	1	0	0	1
$64
0	0	0	1	1
1	0	1	0	0
0	0	0	0	1
1	1	1	0	1
1	1	0	1	0
$65
1	0	0	1	1
1	1	0	1	1
0	0	0	0	0
1	0	0	0	0
0	1	1	1	1
$66
1	1	0	1	1
0	1	0	1	0
0	0	0	1	1
0	1	1	0	1
1	0	0	0	0
$67
1	0	1	1	0
1	0	0	0	1
1	1	0	0	1
1	0	0	1	1
0	0	1	0	0
$68
0	1	1	0	1
1	0	0	0	0
1	1	0	0	0
1	1	0	0	1
0	0	1	1	1
$69
1	1	0	1	1
0	0	0	1	1
0	0	1	0	0
1	0	1	1	0
1	1	0	0	0
$70
0	1	0	1	1
1	1	1	0	0
0	1	0	1	1
1	1	0	0	1
0	0	0	0	0
$71
0	1	1	0	0
0	1	0	1	0
0	0	1	0	1
0	1	0	1	1
1	1	1	0	0
$72
1	0	0	1	1
0	1	1	1	0
0	1	1	0	0
1	1	0	0	0
0	1	0	1	0
$73
1	0	1	1	1
1	1	1	0	0
1	0	0	1	0
0	1	0	0	1
0	0	0	1	0
$74
0	1	0	0	1
0	1	0	1	1
0	0	1	0	0
0	1	1	0	0
1	0	1	1	1
$75
0	1	0	0	0
0	0	1	1	0
1	1	1	1	1
0	1	0	1	0
0	0	1	1	0
$76
1	1	1	0	0
0	1	0	0	0
1	1	1	0	1
1	0	1	1	0
1	0	0	0	0
$77
0	0	0	0	1
0	0	1	0	1
0	1	0	1	1
1	0	1	1	0
0	1	1	0	1
$78
0	0	0	0	0
0	1	1	1	0
1	1	0	0	0
1	0	0	1	1
1	1	1	1	0
$79
0	0	0	1	0
0	1	0	0	0
1	0	1	1	0
1	1	0	1	1
1	1	0	0	1
$80
1	1	0	0	1
0	0	0	0	0
0	0	0	1	1
0	1	1	1	1
1	0	0	1	1
$81
1	0	0	1	1
0	1	1	0	0
0	1	0	1	1
0	0	0	1	1
0	1	1	0	0
$82
1	1	0	0	0
1	0	1	1	0
0	0	1	1	1
1	0	0	0	0
0	1	1	0	1
$83
0	1	1	1	0
0	0	0	1	0
1	0	1	0	0
1	1	1	0	0
1	0	0	1	1
$84
0	0	1	1	0
1	1	0	1	1
1	0	0	1	1
1	1	0	0	0
0	0	0	0	1
$85
0	1	1	1	0
1	1	1	1	0
1	0	0	0	1
1	1	0	0	0
0	1	0	0	0
$86
1	0	0	0	0
0	0	0	0	1
1	1	1	0	1
1	1	1	0	1
1	0	0	0	1
$87
1	1	0	0	0
1	0	1	1	1
1	1	0	0	0
1	0	1	0	1
0	0	0	1	0
$88
1	1	0	0	0
0	0	0	1	0
0	1	1	1	0
1	1	1	1	0
1	1	0	0	0
$89
0	0	1	1	1
0	1	1	0	1
0	1	1	0	0
1	1	0	0	0
1	0	0	1	0
$90
1	0	1	1	0
0	0	1	1	0
1	0	1	1	0
0	1	1	0	1
0	0	1	0	0
$91
1	0	0	1	1
1	1	0	0	1
0	0	1	0	1
1	0	0	1	1
0	0	1	0	0
$92
0	1	1	0	1
0	0	0	0	1
0	1	0	1	1
1	0	0	1	1
0	0	1	1	0
$93
0	0	1	1	1
1	0	0	0	0
0	0	0	0	1
1	1	1	0	1
0	1	1	1	0
$94
0	1	1	0	0
1	0	0	1	1
1	1	0	1	1
0	0	1	0	0
0	1	1	0	0
$95
1	1	0	1	0
1	1	1	0	0
0	1	0	1	0
1	0	1	0	1
0	0	0	1	0
$96
0	0	1	0	0
1	0	0	0	1
0	1	0	1	1
0	0	1	1	1
1	0	0	1	1
$97
1	1	1	0	1
0	0	0	1	0
1	0	0	0	0
0	1	1	1	0
0	0	1	1	1
$98
1	1	0	1	1
1	0	1	1	1
0	0	1	0	0
0	0	0	0	1
0	0	1	1	0
$99
0	0	0	0	1
1	0	0	0	1
1	1	1	0	1
1	0	1	0	1
0	0	1	1	0
$100
0	0	1	1	0
0	1	1	0	1
1	0	0	0	1
0	1	1	1	0
0	0	0	1	1
$101
1	1	0	0	1
0	0	0	1	0
1	1	0	1	0
0	1	0	0	1
0	0	1	1	0
$102
0	1	0	0	0
0	0	0	0	1
1	1	1	0	1
0	0	0	0	1
1	0	1	1	1
$103
0	0	0	1	1
1	0	0	0	0
1	1	1	1	1
0	0	0	0	1
1	1	0	0	0
$104
0	0	0	1	1
1	1	0	1	1
0	0	1	0	1
0	0	1	0	1
0	1	0	0	0
$105
0	1	1	0	1
1	1	1	1	0
0	1	0	0	0
0	0	0	1	1
0	0	0	1	0
$106
1	0	1	1	0
1	1	1	0	1
0	0	0	1	0
0	0	0	0	1
0	0	0	1	1
$107
0	1	0	1	0
0	0	1	0	0
1	1	1	0	1
0	0	1	0	1
0	0	1	0	1
$108
1	0	0	0	1
1	1	0	0	1
1	1	0	1	1
0	0	1	0	0
1	0	0	0	0
$109
0	1	0	0	1
0	0	1	1	0
1	0	0	1	0
0	1	1	0	1
0	0	1	0	1
$110
0	0	1	0	1
0	0	0	0	0
0	0	1	1	0
1	1	0	1	1
1	0	1	1	0
$111
1	0	1	1	0
0	1	0	1	0
0	0	1	1	0
0	0	1	0	1
0	1	0	1	0
$112
1	1	0	1	1
1	0	0	0	1
0	1	1	0	0
0	0	0	0	0
0	1	0	1	1
$113
0	0	0	0	0
0	1	1	0	0
0	0	1	1	1
1	1	0	0	1
1	0	1	1	0
$114
0	1	1	0	0
0	0	0	0	1
0	0	1	1	0
1	1	0	1	0
1	0	1	0	1
$115
0	0	0	1	1
1	1	0	0	0
0	0	1	1	1
1	0	0	1	0
1	1	0	0	0
$116
0	0	0	1	0
0	0	1	1	1
0	0	1	1	1
1	0	0	1	0
1	1	0	0	0
$117
0	1	0	1	0
1	1	1	1	0
0	0	0	1	1
0	0	0	1	1
0	1	0	0	0
$118
1	0	0	0	1
1	0	0	1	1
0	0	1	0	0
1	1	0	1	1
0	1	0	0	0
$119
1	1	0	1	0
1	0	1	1	1
1	0	0	1	0
0	0	0	0	1
1	0	0	0	0
$120
0	1	1	1	0
0	0	0	0	1
1	1	1	1	0
0	0	1	0	0
0	0	1	1	0
$121
1	1	1	1	0
0	0	0	0	1
1	0	0	0	0
0	0	0	1	0
1	1	1	1	0
$122
0	1	0	0	1
1	1	0	1	0
0	1	1	0	1
0	0	0	0	1
1	0	1	0	0
$123
1	0	1	0	0
0	0	0	0	1
1	1	0	0	1
0	1	0	1	0
1	1	1	0	0
$124
1	0	0	0	1
1	0	1	0	0
0	1	0	1	0
0	0	1	1	0
0	0	1	1	1
$125
1	1	0	0	1
1	0	1	0	1
0	0	1	0	0
0	0	0	1	1
0	1	0	0	1
$126
0	0	0	0	1
0	1	1	0	0
1	1	1	0	0
0	1	0	1	0
1	0	0	1	1
$127
1	0	0	1	0
1	1	0	0	1
1	0	1	1	0
1	0	0	1	0
0	0	1	0	0
$128
0	0	1	0	1
1	1	0	0	0
0	0	1	1	1
0	1	0	0	0
0	0	1	1	1
$129
1	1	0	0	1
0	0	1	1	0
0	0	1	1	1
0	1	0	1	0
0	0	0	1	0
$130
0	0	0	1	1
0	0	1	0	0
0	1	0	1	1
1	0	1	0	0
1	0	1	1	0
$131
0	0	0	0	1
1	0	0	1	0
0	0	1	1	0
1	1	1	1	0
0	0	1	0	1
$132
1	0	0	1	1
0	1	1	0	0
0	1	0	0	1
0	0	1	1	1
1	0	0	0	0
$133
1	1	0	1	0
0	0	0	1	0
1	0	1	1	0
0	1	0	0	1
0	1	0	0	1
$134
0	1	1	0	0
1	0	1	0	1
0	1	1	0	1
0	0	0	1	1
0	0	1	0	0
$135
1	1	0	0	1
0	0	1	1	1
1	0	0	1	1
0	0	0	1	0
0	0	0	0	1
$136
0	0	0	0	0
1	1	0	1	1
0	0	1	0	1
1	0	0	0	0
1	0	1	1	1
$137
1	0	1	0	1
0	0	0	0	0
0	1	0	0	0
0	0	1	1	1
0	1	1	1	1
$138
0	1	0	1	1
1	0	0	0	1
0	1	0	1	0
0	1	0	1	0
0	0	0	1	1
$139
1	0	0	0	0
0	1	0	0	0
0	1	1	1	1
0	1	1	1	0
0	0	1	1	0
$140
1	1	1	1	0
0	0	1	1	0
0	0	0	1	0
0	1	1	0	1
0	0	1	0	0
$141
1	1	1	0	1
0	0	1	1	1
0	0	0	1	0
0	1	0	1	0
0	0	0	0	1
$142
0	0	0	0	1
1	0	0	1	1
0	0	0	1	0
1	0	1	0	1
0	1	1	0	1
$143
1	0	0	0	1
1	1	0	0	0
0	1	1	0	1
0	0	0	1	1
0	0	0	1	1
$144
1	0	1	0	1
0	0	0	0	0
1	1	1	0	1
1	0	1	0	0
0	1	0	0	1
$145
0	1	1	0	0
0	1	1	1	1
0	1	0	0	0
1	1	0	0	0
1	0	0	0	1
$146
1	1	1	0	0
1	0	0	1	0
0	1	1	1	0
0	1	0	0	0
0	1	0	0	1
$147
0	1	1	1	0
1	0	0	1	0
1	0	1	0	1
0	1	1	0	1
0	0	0	0	0
$148
0	1	1	1	1
1	1	1	0	0
0	1	1	0	1
0	1	0	0	0
0	0	0	0	0
$149
0	1	0	1	1
1	0	1	0	0
1	1	0	0	1
0	0	0	1	0
0	1	1	0	0
$150
1	0	0	1	0
0	1	1	0	0
1	0	1	0	0
0	1	0	1	0
1	1	0	0	1
$151
1	1	0	1	1
0	0	0	0	1
1	0	1	0	0
0	0	0	0	0
1	1	1	1	0
$152
0	1	0	1	0
0	1	1	0	1
0	0	1	1	0
0	1	1	1	1
0	0	0	0	0
$153
1	0	0	1	1
1	0	1	0	0
1	0	0	1	1
1	0	0	0	0
0	0	1	1	0
$154
0	0	1	0	1
1	1	0	1	1
0	0	0	1	1
1	0	1	0	0
0	0	0	1	0
$155
1	0	1	0	1
0	1	0	1	1
1	0	0	0	0
0	0	1	0	1
0	0	0	1	1
$156
1	1	1	0	0
1	0	1	1	0
1	0	1	0	0
1	0	0	0	1
0	0	0	1	0
$157
0	1	1	1	0
0	1	1	1	0
1	0	1	1	0
0	0	1	1	0
0	0	0	0	0
$158
1	0	1	0	1
1	0	0	0	1
1	0	0	0	1
0	0	1	1	0
1	0	1	0	0
$159
1	0	0	1	0
1	0	1	0	0
1	1	0	0	1
0	1	1	0	1
0	0	1	0	0
$160
0	1	1	1	1
0	0	1	1	1
0	0	0	0	0
1	0	0	1	0
0	1	0	1	0
$161
1	0	0	0	1
0	0	1	0	1
0	0	1	1	1
1	0	0	1	0
0	0	1	1	0
$162
1	0	0	1	0
1	1	1	1	0
1	1	0	0	0
0	0	1	0	1
0	0	0	0	1
$163
1	1	0	1	0
1	1	0	0	0
1	1	0	0	0
0	0	1	0	1
0	0	1	1	0
$164
1	0	0	1	0
1	0	1	0	0
0	1	1	0	1
0	1	0	0	1
0	0	0	1	1
$165
0	1	0	0	1
1	0	0	1	0
0	0	1	0	0
0	1	0	0	1
1	0	1	1	1
$166
0	1	0	0	0
1	0	1	1	0
0	1	0	1	1
1	0	1	1	0
1	0	0	0	0
$167
1	1	1	0	0
0	0	0	1	1
0	0	0	1	1
1	0	0	1	1
0	1	0	0	0
$168
1	1	1	1	0
0	0	0	0	0
0	0	1	0	0
1	1	0	1	1
0	1	0	1	0
$169
0	1	0	1	1
0	1	1	1	1
0	0	1	0	1
0	0	0	0	0
1	0	0	1	0
$170
1	0	0	0	0
1	0	1	0	1
0	1	1	0	0
0	1	0	0	1
0	0	1	1	1
$171
1	1	0	0	1
1	1	0	1	0
0	0	1	0	1
0	0	0	0	0
1	0	0	1	1
$172
0	0	0	1	0
1	1	1	1	0
1	0	1	1	1
0	0	0	0	0
1	0	0	0	1
$173
1	1	1	0	1
0	1	1	1	0
0	0	0	0	0
0	0	1	1	0
0	1	0	0	1
$174
0	0	1	1	0
0	1	1	1	0
0	0	0	0	0
0	1	0	0	1
0	1	1	1	1
$175
0	1	1	1	0
0	1	0	1	0
1	0	1	0	0
1	1	0	1	0
0	0	0	0	1
$176
0	1	1	0	1
0	0	0	0	1
1	1	0	0	0
1	1	0	0	0
1	1	0	1	0
$177
0	1	1	1	0
1	0	0	1	0
0	0	1	1	0
1	0	0	1	0
0	0	0	1	1
$178
0	0	1	0	1
0	1	0	0	1
0	0	1	0	0
0	0	1	1	1
0	1	1	0	1
$179
0	0	1	0	0
0	1	1	0	0
0	0	1	0	1
1	0	0	0	1
1	1	1	0	1
$180
0	0	0	0	1
0	1	1	1	0
0	1	0	0	1
1	1	0	0	0
0	0	1	1	1
$181
1	0	0	1	0
1	1	0	0	0
0	1	0	1	1
0	0	1	0	0
0	1	1	1	0
$182
1	0	1	0	1
0	1	0	0	0
1	1	0	1	0
1	0	0	0	1
0	0	0	1	1
$183
0	0	0	0	1
1	0	1	0	0
1	1	0	1	1
0	0	0	1	0
1	0	0	1	1
$184
0	0	0	0	1
0	0	1	1	0
0	0	0	1	0
1	1	1	1	0
1	0	1	1	0
$185
0	1	1	1	0
0	1	0	1	1
0	0	0	0	0
0	1	0	1	0
0	1	1	0	1
$186
1	0	1	0	0
1	0	0	1	0
0	1	1	0	0
1	1	1	0	0
1	1	0	0	0
$187
1	0	1	0	0
0	0	0	1	1
1	1	1	0	0
1	0	0	1	0
0	0	1	0	1
$188
0	0	1	1	1
0	0	0	1	0
1	0	1	1	0
1	1	1	0	0
1	0	0	0	0
$189
0	1	1	1	0
1	1	1	0	0
0	1	1	1	0
1	1	0	0	0
0	0	0	0	0
$190
0	0	1	0	1
1	0	1	1	1
0	0	0	1	1
1	0	1	0	0
0	0	0	1	0
$191
0	0	0	1	1
0	0	0	0	0
1	0	0	1	1
0	0	0	1	0
1	1	1	1	1
$192
0	1	1	1	1
0	1	1	1	0
1	0	1	0	0
0	1	0	0	1
0	0	0	0	0
$193
1	0	0	0	0
0	1	1	0	0
0	1	0	0	0
1	0	1	1	1
1	1	0	0	1
$194
1	0	0	1	1
1	1	0	0	0
0	0	0	1	0
0	1	1	0	1
0	1	0	1	0
$195
0	1	0	0	0
0	0	1	0	1
0	0	0	1	0
1	0	1	0	1
1	1	0	1	1
$196
0	0	0	0	0
1	0	1	0	1
0	1	1	0	0
0	1	0	1	0
0	1	1	1	1
$197
1	0	1	0	0
1	0	0	0	1
0	1	0	1	0
1	1	0	0	1
0	1	0	1	0
$198
1	0	0	1	1
0	1	0	0	0
1	0	0	0	1
1	0	0	0	1
1	1	0	1	0
$199
0	1	0	0	0
1	1	0	0	0
1	0	0	1	0
0	1	0	1	0
1	0	1	1	1
$200
1	1	0	1	0
0	1	0	0	0
0	1	1	0	0
1	0	1	0	1
1	0	0	1	0
$201
0	0	0	0	1
1	0	0	1	0
0	1	1	0	0
1	1	0	1	0
0	1	1	0	1
$202
0	0	1	0	0
1	1	1	0	0
0	1	1	0	0
1	1	0	0	0
0	1	1	0	1
$203
1	0	1	0	1
1	0	1	1	1
0	1	0	0	0
0	0	0	0	1
0	1	1	0	0
$204
0	1	1	1	0
0	1	1	1	0
1	1	1	0	0
1	0	0	1	0
0	0	0	0	0
$205
1	0	1	0	0
1	1	0	0	1
1	0	0	1	1
1	0	0	0	0
0	1	0	0	1
$206
0	0	0	0	1
0	0	0	1	1
1	1	0	1	1
0	0	0	0	0
1	1	1	0	1
$207
0	0	0	1	1
1	0	0	0	0
0	0	1	1	0
1	1	0	1	0
1	1	0	0	1
$208
0	0	1	1	1
1	1	0	0	0
0	1	0	1	1
1	1	0	1	0
0	0	0	0	0
$209
1	1	1	0	0
0	0	0	1	0
0	1	1	1	0
1	0	0	0	1
0	1	0	0	1
$210
1	0	0	1	1
0	1	1	0	0
1	0	0	0	0
1	1	0	1	0
0	0	0	1	1
$211
0	0	1	1	1
0	1	1	0	0
1	1	1	0	0
0	0	0	1	0
0	0	0	1	1
$212
0	0	1	1	0
0	1	1	0	1
1	0	0	1	1
0	0	1	0	1
0	0	0	0	1
$213
0	1	1	0	0
0	0	0	0	0
1	0	1	1	0
1	1	0	0	1
0	0	1	1	1
$214
1	1	1	0	0
0	0	1	0	1
0	1	1	0	0
0	1	0	0	1
1	0	1	0	0
$215
1	0	0	1	1
0	0	0	1	1
1	0	1	1	0
0	1	0	0	0
0	1	0	1	0
$216
0	0	1	1	1
0	1	0	0	0
1	1	1	0	0
1	0	1	1	1
0	0	0	0	0
$217
1	0	1	0	1
0	0	0	0	0
0	1	0	1	0
1	1	0	0	0
1	0	1	1	1
$218
1	1	0	1	0
1	1	0	1	0
1	0	0	0	0
0	0	0	0	1
0	1	1	0	1
$219
1	0	0	1	1
0	1	0	0	0
1	0	0	1	1
0	0	1	0	1
1	0	0	0	1
$220
0	1	0	1	1
0	1	1	0	1
1	1	1	0	0
0	0	0	1	1
0	0	0	0	0
$221
0	1	0	0	0
0	1	0	0	0
1	1	1	0	1
0	1	0	1	1
1	0	0	1	0
$222
0	1	0	0	1
0	0	0	0	0
1	1	0	1	0
1	1	0	1	1
0	1	1	0	0
$223
1	0	0	1	1
0	0	0	1	1
0	1	1	1	1
0	0	0	0	1
0	0	0	0	1
$224
1	0	0	0	1
1	0	1	1	1
0	0	0	1	1
0	0	0	0	1
0	1	0	1	0
$225
1	1	0	0	0
0	1	1	0	1
1	0	1	0	0
0	0	1	0	0
1	0	1	0	1
$226
0	0	1	1	0
1	0	0	0	0
1	0	1	1	1
0	1	0	0	0
0	1	1	1	0
$227
1	0	0	0	1
1	1	0	0	1
1	0	0	0	0
1	0	1	0	0
1	0	0	1	1
$228
0	1	0	0	0
1	1	0	0	1
1	1	1	1	0
0	1	1	0	1
0	0	0	0	0
$229
0	1	1	1	1
0	0	0	0	0
0	1	1	0	0
0	1	0	0	1
1	1	1	0	0
$230
1	0	0	0	0
0	1	1	1	0
1	0	0	0	1
1	0	1	0	0
0	0	1	1	1
$231
0	1	1	1	0
0	0	0	0	0
1	0	1	1	0
0	0	0	1	1
0	1	1	0	1
$232
1	1	0	0	0
1	0	0	1	0
1	0	0	1	0
1	0	1	1	0
0	1	0	1	0
$233
1	0	0	0	1
1	1	1	1	1
0	0	0	1	0
0	0	0	1	1
0	0	1	0	0
$234
0	1	1	0	1
0	0	1	0	0
1	0	1	1	1
0	0	0	0	0
1	0	0	1	1
$235
1	1	1	1	1
0	0	1	0	0
0	0	1	0	0
0	0	1	1	0
1	1	0	0	0
$236
0	1	1	0	0
0	0	1	1	0
0	0	0	0	1
0	1	1	0	0
1	1	0	1	1
$237
0	1	0	0	0
1	1	0	0	1
1	0	0	0	1
1	0	1	0	1
0	0	0	1	1
$238
1	0	0	1	0
0	0	1	1	0
0	1	1	0	0
0	0	0	0	1
1	1	1	1	0
$239
0	0	0	1	1
0	0	0	1	1
0	0	1	1	1
1	1	0	1	0
1	0	0	0	0
$240
1	0	0	1	0
0	1	0	0	0
1	1	0	0	0
0	1	1	0	0
1	1	0	1	1
$241
0	1	1	1	1
0	0	0	1	0
1	1	0	1	0
1	0	0	0	1
0	0	1	0	0
$242
0	0	1	1	0
1	1	0	0	1
0	0	1	1	1
1	0	0	0	1
0	1	0	0	0
$243
0	1	0	1	0
0	0	1	0	0
0	0	1	1	1
0	1	1	0	0
1	0	1	0	1
$244
1	0	0	0	0
0	0	0	1	1
0	0	0	0	1
1	1	1	1	0
0	1	1	1	0
$245
1	1	1	0	0
1	0	0	1	0
1	1	0	1	0
1	0	0	0	0
1	1	0	0	0
$246
1	1	0	1	0
1	0	1	0	0
1	0	1	0	1
0	0	1	0	1
0	0	1	0	0
$247
1	0	0	1	0
0	1	1	0	0
1	0	1	0	1
0	1	0	1	0
0	0	1	0	1
$248
0	1	0	1	0
0	0	0	0	0
1	1	0	1	1
1	0	0	0	0
1	1	1	1	0
$249
1	0	0	1	1
0	1	1	0	0
1	0	0	1	0
0	1	1	0	0
0	1	1	0	0
$250
0	1	1	0	0
1	1	0	1	0
0	0	1	0	0
1	0	0	0	0
1	0	1	1	1
$251
0	0	1	0	1
0	0	1	1	1
0	0	1	0	0
1	1	0	0	0
1	1	0	0	1
$252
0	1	1	1	0
0	1	0	0	1
0	1	0	1	0
0	0	0	0	0
1	0	1	1	1
$253
0	0	1	0	1
1	1	0	0	1
0	0	1	0	0
0	1	0	1	1
1	0	1	0	0
$254
1	0	0	0	0
1	1	1	1	0
1	0	0	1	0
0	1	0	0	0
0	1	1	1	0
$255
1	1	0	0	0
1	0	0	0	1
1	1	0	0	0
1	1	0	1	1
0	0	0	0	1
$256
0	1	1	1	1
0	0	1	0	1
1	0	0	1	0
0	1	0	0	1
0	0	0	1	0
$257
0	0	0	1	0
1	1	0	1	0
0	1	0	1	1
1	0	1	1	0
1	0	0	0	0
$258
0	0	1	0	0
1	0	1	1	1
0	0	0	0	0
1	0	1	1	1
0	0	1	0	1
$259
0	1	0	0	1
1	0	1	0	0
0	1	0	1	1
1	0	1	0	0
0	1	0	1	0
$260
0	1	1	1	0
0	0	0	0	1
1	1	0	0	0
1	1	0	0	0
1	0	1	0	1
$261
1	0	0	0	0
0	0	1	0	0
0	1	0	1	0
1	1	0	1	1
1	1	1	0	0
$262
1	0	0	0	1
0	0	0	0	0
0	0	1	1	1
0	1	1	1	1
1	1	0	0	0
$263
0	1	1	0	0
1	1	0	0	0
1	1	0	1	0
0	1	0	1	0
1	0	1	0	0
$264
0	1	1	1	0
0	0	1	0	0
1	1	0	1	0
1	0	0	1	1
1	0	0	0	0
$265
0	1	0	0	1
0	1	1	1	1
0	1	0	1	1
0	0	0	0	1
0	0	1	0	0
$266
0	1	0	0	1
1	0	0	1	1
1	1	1	0	0
0	0	0	1	0
1	0	1	0	0
$267
1	0	0	0	0
0	0	1	0	1
1	1	0	0	0
0	1	1	0	1
0	0	1	1	1
$268
1	0	0	1	0
0	1	0	0	0
0	0	1	1	0
1	0	1	1	0
1	1	1	0	0
$269
0	0	1	0	1
0	0	1	0	1
0	0	1	1	1
0	1	1	0	0
0	1	0	1	0
$270
0	1	0	1	0
1	0	1	1	0
1	1	0	0	0
1	0	1	0	0
1	0	1	0	0
$271
0	0	0	0	0
0	1	1	1	1
1	0	0	0	0
1	1	0	0	1
1	1	0	0	1
$272
1	0	1	0	0
0	0	0	0	1
1	0	0	1	1
1	1	1	0	0
0	0	1	1	0
$273
1	1	1	0	0
1	1	0	1	0
0	0	1	1	1
1	0	0	0	0
0	0	0	1	0
$274
0	0	1	0	1
0	0	0	1	0
1	0	1	1	0
0	0	1	0	0
1	1	1	0	1
$275
0	0	0	0	0
0	1	1	0	1
1	0	0	1	1
1	0	0	1	1
0	0	1	0	1
$276
0	1	0	1	0
0	1	0	0	1
0	0	1	1	0
0	1	0	1	0
0	1	1	0	1
$277
1	1	1	1	0
1	1	0	0	0
0	0	0	1	0
0	0	1	1	1
0	0	1	0	0
$278
0	0	0	0	1
0	1	0	0	0
0	1	1	0	1
1	1	1	1	0
0	0	0	1	1
$279
0	0	1	0	0
0	1	1	1	0
0	1	0	1	0
0	0	1	1	0
1	1	1	0	0
$280
0	0	0	1	1
0	1	0	0	1
0	1	0	1	1
1	0	1	0	1
0	0	0	1	0
$281
1	0	0	1	1
0	1	0	0	0
1	1	0	1	0
0	1	0	1	1
0	1	0	0	0
$282
0	0	1	1	1
1	0	0	1	1
0	0	0	0	1
1	1	0	0	0
1	0	0	0	1
$283
0	1	0	1	0
0	1	0	1	0
1	0	0	1	0
1	1	1	0	0
0	1	0	0	1
$284
0	0	1	0	1
0	1	1	1	1
0	1	0	0	0
1	1	0	0	1
0	0	1	0	0
$285
0	0	1	1	0
1	0	1	0	1
1	0	0	1	0
1	0	1	0	0
1	0	0	0	1
$286
1	0	1	1	0
0	0	1	0	1
1	0	0	1	1
0	0	0	1	1
0	0	0	1	0
$287
1	1	1	0	0
0	1	0	0	0
0	0	0	1	0
0	0	1	1	1
0	1	1	1	0
$288
0	1	0	0	1
0	0	0	1	1
1	0	0	1	1
0	1	1	0	0
0	0	0	1	1
$289
0	1	0	1	0
0	1	0	0	0
1	0	1	0	0
0	1	1	1	0
1	0	1	0	1
$290
1	0	1	0	0
0	0	0	0	1
0	1	1	1	1
0	1	1	0	0
0	0	1	1	0
$291
1	0	0	0	0
1	1	0	0	0
1	1	0	0	1
1	1	0	0	0
1	1	0	1	0
$292
0	0	0	0	0
1	1	1	1	0
0	0	0	0	1
1	1	0	1	1
1	0	0	1	0
$293
0	0	1	0	1
0	1	1	0	1
0	0	1	1	0
0	0	0	0	1
1	1	0	0	1
$294
1	0	1	0	1
0	1	1	1	1
0	0	0	1	0
1	0	0	0	0
0	0	1	1	0
$295
1	0	1	0	0
1	0	0	1	0
1	0	0	1	1
0	0	1	0	1
0	1	0	0	1
$296
1	0	0	1	0
0	0	1	1	0
1	0	0	1	0
0	0	1	1	1
0	0	0	1	1
$297
1	1	0	1	1
0	1	0	1	0
0	1	1	0	0
0	0	1	0	0
1	0	0	0	1
$298
1	0	0	0	0
1	0	1	0	1
0	1	0	1	0
1	1	0	0	1
1	0	0	1	0
$299
1	0	1	0	1
0	1	1	1	0
0	0	1	0	1
0	0	0	0	1
0	0	1	1	0
$300
0	0	0	1	1
0	1	1	0	1
0	0	1	0	0
0	1	0	1	0
0	1	1	1	0
$301
0	1	1	0	1
0	0	0	0	0
0	1	0	0	0
1	1	1	0	1
0	0	1	0	1
$302
0	1	0	1	0
1	0	1	0	1
0	1	0	0	0
0	0	0	1	1
1	1	0	0	0
$303
0	1	1	0	0
1	1	0	0	0
0	1	1	1	0
0	0	1	0	0
0	0	1	0	1
$304
0	1	0	1	0
0	0	0	0	0
1	0	0	1	0
0	1	1	0	0
1	1	1	1	0
$305
1	0	1	0	0
0	1	0	1	0
1	1	0	0	0
0	1	0	0	1
1	0	1	0	0
$306
0	1	0	0	1
0	1	0	1	1
0	1	1	0	0
1	0	0	0	0
1	0	1	0	0
$307
0	1	1	0	1
0	1	0	1	0
1	1	0	0	0
1	0	0	0	0
1	0	0	1	0
$308
1	1	0	1	0
0	0	0	0	1
0	1	1	1	1
0	1	0	0	0
0	0	0	1	0
$309
1	0	0	1	0
0	0	0	0	0
1	1	1	1	0
0	0	1	0	0
0	1	1	0	1
$310
0	0	0	0	1
0	0	1	1	0
0	1	1	0	0
0	1	0	0	0
0	1	1	1	1
$311
1	0	1	1	0
0	0	1	1	0
1	0	0	0	1
0	0	0	0	0
1	1	0	1	0
$312
1	0	0	0	0
0	0	0	0	1
0	0	0	1	1
1	1	0	1	0
0	1	1	1	0
$313
1	0	0	0	1
1	1	1	0	0
1	0	0	0	0
0	1	0	0	0
1	1	1	0	0
$314
0	1	0	0	1
0	0	1	1	0
1	0	0	0	1
1	0	0	1	0
1	0	0	1	0
$315
0	0	1	0	0
0	1	0	0	0
1	1	0	1	1
0	1	1	0	0
0	0	1	1	0
$316
1	0	0	0	1
1	0	0	0	0
1	0	0	0	1
1	0	1	1	0
0	0	1	1	0
$317
1	0	0	0	1
1	0	0	1	0
0	0	0	1	0
0	1	1	1	0
0	0	1	1	0
$318
1	0	1	0	1
1	0	0	0	1
0	0	0	1	0
1	0	0	0	1
0	0	1	0	1
$319
0	0	1	0	1
0	0	0	0	1
1	0	1	1	0
0	1	0	0	0
0	1	0	1	1
$320
0	0	1	0	0
0	1	0	0	0
0	1	0	1	1
1	1	0	0	1
0	0	1	1	0
$321
0	1	1	0	0
1	0	0	1	0
1	1	1	0	0
1	0	0	0	0
0	0	1	0	1
$322
0	1	1	1	0
0	0	0	1	0
0	0	0	1	1
1	0	0	0	1
0	1	1	0	0
$323
0	1	0	1	1
0	1	0	1	1
0	0	0	0	0
0	1	1	0	0
1	0	0	0	1
$324
1	0	1	0	0
0	0	0	0	0
1	0	1	0	1
1	0	0	1	1
0	1	0	1	0
$325
1	0	0	0	0
0	1	1	1	0
1	1	0	0	0
0	1	1	0	0
0	1	0	0	1
$326
0	1	0	0	1
0	0	1	0	1
1	0	0	0	0
0	0	1	1	1
1	0	1	0	0
$327
0	0	0	0	1
0	1	1	0	0
0	0	0	1	1
0	0	0	1	0
1	1	1	0	1
$328
1	1	0	0	0
1	0	0	0	1
0	1	0	0	1
0	1	1	0	0
0	1	0	1	0
$329
1	1	1	1	0
0	0	0	0	1
0	0	0	0	1
0	1	0	1	1
0	1	0	0	0
$330
1	0	0	1	0
0	0	1	0	0
0	1	1	0	0
1	1	0	1	0
0	0	1	0	1
$331
0	0	0	0	0
0	0	1	1	1
0	0	1	1	0
0	1	1	0	1
0	0	1	0	1
$332
0	0	0	1	0
0	1	1	0	1
1	0	0	1	0
1	0	0	1	1
0	0	0	0	1
$333
0	1	0	0	0
1	0	0	0	0
0	1	0	1	1
0	0	1	1	0
0	1	0	1	1
$334
0	0	0	0	0
1	1	0	1	0
0	0	0	1	0
0	1	1	1	0
1	1	0	0	1
$335
1	0	1	0	1
0	0	0	0	1
0	0	0	0	0
0	1	0	1	0
1	1	0	1	1
$336
0	1	0	1	1
0	1	0	0	0
1	0	1	0	1
1	0	1	0	0
1	0	0	0	0
$337
1	0	1	0	0
1	1	1	0	0
1	0	1	0	1
0	1	0	0	0
0	0	0	1	0
$338
0	0	0	0	1
1	1	0	0	1
1	0	0	0	1
0	0	1	0	1
1	0	0	1	0
$339
1	0	0	0	1
1	0	1	1	1
0	1	0	1	0
0	0	0	1	1
0	0	0	0	0
$340
1	1	1	0	1
0	1	0	0	1
0	0	0	1	1
0	0	1	0	0
0	0	0	0	1
$341
0	1	0	0	0
0	1	0	0	0
1	1	1	0	1
0	1	0	0	1
0	0	1	0	1
$342
0	0	1	0	0
1	1	0	0	1
1	0	1	0	0
0	1	0	0	0
0	1	1	1	0
$343
1	0	1	0	1
0	0	0	0	0
1	0	0	1	0
1	1	1	0	0
0	0	1	0	1
$344
1	1	0	1	1
0	0	1	0	0
1	0	0	0	1
0	1	1	0	0
0	0	0	1	0
$345
1	0	0	0	0
1	0	0	0	0
1	0	1	0	1
1	0	1	0	0
0	1	1	1	0
$346
1	0	0	0	0
0	0	1	0	1
1	0	1	1	0
1	1	0	0	1
1	0	0	0	0
$347
1	0	0	0	0
1	0	1	1	0
1	0	0	0	1
0	0	0	0	0
1	0	1	1	1
$348
0	0	1	0	0
0	0	1	0	0
0	0	1	0	0
1	1	0	1	1
0	1	0	1	1
$349
0	0	1	0	1
1	1	1	0	0
1	1	0	1	1
0	0	0	0	0
0	1	0	0	0
$350
0	0	1	0	0
1	1	0	0	0
1	0	0	1	1
0	1	1	0	0
0	0	1	1	0
$351
0	0	0	0	1
0	0	1	0	0
0	0	0	1	0
1	1	0	1	0
1	0	1	1	1
$352
1	0	0	0	0
0	0	1	0	1
0	0	1	0	0
1	0	1	1	1
1	0	0	1	0
$353
0	1	0	0	0
0	0	0	1	0
1	1	1	0	0
0	1	0	0	0
1	1	1	0	1
$354
0	1	0	1	1
1	0	1	1	0
1	1	0	0	0
0	1	0	0	0
0	0	1	0	0
$355
1	0	0	1	1
0	0	0	1	1
0	0	0	1	0
0	1	0	0	1
0	1	0	0	1
$356
0	1	1	1	0
0	1	1	1	1
0	0	0	0	0
0	1	0	1	0
0	0	0	1	0
$357
0	0	0	1	0
1	0	1	0	0
1	1	0	0	0
1	1	1	1	0
1	0	0	0	0
$358
0	0	1	0	0
1	0	0	1	0
1	1	1	0	1
0	1	1	0	0
0	0	1	0	0
$359
1	1	0	0	0
0	0	1	1	0
1	1	0	0	1
0	0	0	0	1
1	1	0	0	0
$360
0	1	1	1	0
0	0	1	1	1
1	1	0	0	0
1	0	0	0	0
1	0	0	0	0
$361
1	1	0	1	0
0	0	0	1	0
0	1	0	0	1
0	1	1	1	1
0	0	0	0	0
$362
0	0	0	1	1
1	0	0	0	1
0	0	1	0	0
0	1	1	1	0
0	0	1	1	0
$363
1	1	1	1	1
0	0	0	0	1
0	0	0	1	0
0	1	0	0	1
0	0	1	0	0
$364
1	1	0	1	0
1	0	0	1	0
0	1	0	1	0
1	1	0	0	0
0	0	0	1	0
$365
1	1	0	0	0
0	0	1	0	1
1	0	0	0	0
1	0	0	1	0
1	1	1	0	0
$366
1	0	0	1	1
1	0	0	1	0
0	0	0	0	1
0	1	0	1	0
0	1	0	1	0
$367
1	1	0	1	1
0	1	0	0	1
1	0	0	0	0
0	0	0	0	1
0	0	1	1	0
$368
0	1	1	0	1
1	0	1	1	0
0	1	0	1	1
0	0	0	0	0
0	0	1	0	0
$369
1	0	1	0	1
0	0	0	1	0
0	0	0	0	1
0	1	0	1	0
0	1	0	1	1
$370
0	1	0	0	1
1	0	1	0	1
0	0	0	0	0
0	0	1	1	0
1	0	0	1	1
$371
1	0	1	0	0
1	1	0	0	1
0	1	0	0	1
0	0	0	0	1
1	0	0	0	1
$372
1	1	1	0	0
0	1	0	0	1
0	0	1	0	1
0	0	0	0	0
1	1	1	0	0
$373
1	0	0	1	1
0	1	0	0	0
1	1	0	1	1
0	0	0	1	0
0	0	0	0	1
$374
0	0	1	0	1
1	0	1	0	0
0	0	1	1	1
0	1	0	0	1
1	0	0	0	0
$375
0	1	1	1	0
0	0	1	0	0
0	0	0	1	1
1	0	0	0	1
0	1	0	0	1
$376
0	0	0	0	0
0	1	0	1	0
1	0	0	1	1
0	1	0	0	1
1	0	1	1	0
$377
0	0	0	1	1
0	0	0	0	0
0	1	1	1	0
1	1	1	0	0
0	0	1	1	0
$378
1	0	0	0	0
1	1	0	0	0
0	1	0	0	1
0	1	0	1	1
1	1	0	0	0
$379
1	0	1	0	0
0	0	0	0	0
0	0	1	0	1
1	0	0	0	1
1	0	1	1	1
$380
0	1	0	0	0
0	0	1	0	1
1	1	1	0	0
1	1	0	0	1
0	0	1	0	0
$381
0	1	0	1	0
0	0	1	0	0
0	0	1	0	1
0	1	0	0	1
0	1	1	1	0
$382
1	1	0	0	0
0	1	0	0	1
0	0	0	1	1
1	0	0	0	1
0	0	0	1	1
$383
0	1	0	0	0
0	0	1	1	1
0	1	1	0	0
0	1	1	1	0
0	1	0	0	0
$384
0	1	1	0	0
0	1	1	0	0
0	0	0	0	0
1	0	1	1	1
0	1	0	0	1
$385
0	1	0	1	0
0	0	1	1	0
1	0	1	0	0
0	0	1	1	0
0	0	1	0	1
$386
1	0	0	0	1
0	0	0	0	1
0	1	0	0	0
0	1	0	0	1
0	1	1	1	1
$387
0	0	0	0	1
1	0	0	0	0
0	1	1	0	1
1	1	0	0	0
0	0	1	1	1
$388
0	0	0	0	0
1	1	0	0	1
1	1	0	0	0
0	1	0	1	0
1	0	0	1	1
$389
0	1	0	1	1
0	0	0	0	1
0	1	1	0	0
1	0	0	0	1
0	1	0	0	1
$390
0	1	1	1	0
0	1	0	1	1
0	0	0	0	1
0	1	0	0	1
0	0	0	0	1
$391
0	1	0	0	1
1	0	0	0	1
1	1	1	0	0
0	0	0	0	1
1	0	1	0	0
$392
1	1	0	0	1
0	1	1	1	0
0	0	0	0	1
0	1	0	1	0
0	0	1	0	0
$393
1	0	1	0	1
1	1	0	0	0
0	0	0	0	0
1	0	0	1	0
1	1	1	0	0
$394
1	0	0	0	0
1	1	0	0	0
1	0	0	1	1
0	1	0	1	1
0	1	0	0	0
$395
1	0	0	1	1
0	1	1	0	0
0	0	1	0	0
0	1	0	0	1
1	0	1	0	0
$396
0	0	1	1	1
1	0	0	0	1
0	1	1	0	0
0	1	0	1	0
0	1	0	0	0
$397
1	0	0	0	0
1	0	1	0	0
0	0	0	1	1
0	1	0	1	0
1	1	1	0	0
$398
0	0	0	0	1
0	0	0	1	1
0	1	0	1	1
1	0	0	0	0
1	0	1	0	1
$399
0	1	0	0	0
1	1	0	0	1
0	1	0	0	0
1	1	1	0	0
1	1	0	0	0
$400
1	1	1	0	0
0	0	1	0	0
0	1	0	0	1
1	1	0	0	0
0	1	0	0	1
$401
1	0	1	1	0
0	1	0	0	0
0	0	0	1	0
0	1	0	0	0
0	1	1	1	1
$402
1	0	0	1	1
0	0	0	1	1
0	0	1	1	0
1	0	0	1	0
0	0	1	0	0
$403
1	0	0	0	1
0	0	0	0	1
0	0	1	0	0
1	1	1	1	1
0	0	0	0	1
$404
1	1	0	1	0
0	0	0	1	0
0	0	1	1	0
0	0	0	0	1
0	0	1	1	1
$405
0	0	1	0	0
0	0	0	1	0
0	1	1	1	0
1	1	0	1	1
0	0	0	1	0
$406
0	1	1	0	0
0	0	0	0	0
1	0	0	1	1
0	0	1	1	1
0	0	1	0	1
$407
1	1	1	1	0
1	0	0	1	0
0	0	0	0	0
0	0	1	0	1
1	0	1	0	0
$408
0	1	1	1	0
1	1	0	0	1
1	0	0	0	0
0	1	1	0	0
0	0	0	0	1
$409
1	0	1	0	0
0	1	1	0	0
1	0	1	1	0
0	0	1	0	0
0	1	0	0	1
$410
0	0	0	1	0
0	0	1	1	1
0	1	0	0	1
0	0	1	0	0
1	0	0	1	1
$411
1	0	1	1	1
0	0	1	0	0
0	1	0	1	1
0	0	0	0	1
0	0	0	1	0
$412
0	1	0	1	1
0	0	0	0	1
1	0	1	1	0
0	0	1	0	0
0	0	0	1	1
$413
1	0	1	0	1
0	1	1	0	1
0	1	0	1	0
0	0	0	0	0
1	0	0	1	0
$414
1	0	0	1	0
0	1	1	1	0
0	0	0	1	1
0	0	0	0	0
1	1	0	0	1
$415
0	1	0	1	0
0	0	0	0	0
1	1	1	0	1
0	1	1	0	0
0	1	1	0	0
$416
0	1	0	0	1
0	0	0	1	0
1	0	1	0	1
1	0	1	0	0
0	0	1	0	1
$417
1	0	1	0	0
1	0	0	1	1
0	0	1	0	0
1	0	0	0	0
0	1	0	1	1
$418
0	0	0	0	1
0	1	0	0	0
0	0	1	1	0
1	1	0	0	1
1	1	0	0	1
$419
0	0	0	0	1
1	0	0	1	1
0	1	1	0	0
0	0	1	0	1
0	0	1	0	1
$420
0	0	0	0	1
1	1	1	0	0
0	1	1	0	0
0	0	1	1	0
0	1	0	0	1
$421
0	0	1	0	0
0	0	1	0	0
1	1	1	0	0
0	1	0	1	0
0	1	0	1	1
$422
1	0	1	1	0
0	1	1	0	1
0	0	0	0	0
1	0	1	1	0
0	0	1	0	0
$423
0	1	0	0	1
1	1	0	1	0
0	0	1	0	0
0	0	1	1	0
0	1	0	0	1
$424
1	0	0	1	0
0	0	0	0	1
1	0	0	0	0
1	1	1	0	0
0	1	1	1	0
$425
0	1	1	0	1
0	1	1	0	0
0	0	0	1	0
1	0	0	1	0
1	1	0	0	0
$426
0	1	0	1	1
0	0	1	0	1
0	0	1	0	0
0	0	1	1	1
0	0	1	0	0
$427
0	1	0	0	1
0	0	0	0	1
0	1	1	1	1
0	0	1	1	1
0	0	0	0	0
$428
1	0	0	1	0
1	1	0	0	0
0	0	1	0	0
1	1	0	1	1
0	1	0	0	0
$429
0	0	0	1	0
0	0	0	0	1
1	0	0	0	0
1	1	1	1	1
0	1	1	0	0
$430
0	0	0	0	1
0	0	1	0	1
1	0	1	0	0
0	1	0	1	1
1	1	0	0	0
$431
0	1	0	0	1
0	1	1	1	0
0	1	0	1	1
0	1	0	0	0
0	1	0	0	0
$432
1	0	0	1	0
1	1	0	1	0
1	1	0	1	0
0	0	0	0	0
0	0	0	1	1
$433
1	0	0	0	0
0	0	1	1	1
0	0	1	1	0
0	0	0	1	1
1	0	0	0	1
$434
1	0	1	0	0
0	0	1	1	0
0	0	0	0	1
1	1	0	1	0
1	0	0	1	0
$435
0	0	1	0	0
1	0	0	0	1
1	0	0	1	0
1	0	0	1	1
1	0	1	0	0
$436
0	1	1	0	0
0	0	0	0	1
1	0	1	0	1
1	0	0	0	0
1	0	1	0	1
$437
0	0	0	1	1
0	1	1	0	1
1	0	0	1	0
0	1	0	0	0
0	0	0	1	1
$438
1	0	1	1	0
0	0	1	0	1
1	0	1	0	0
0	1	0	0	0
0	0	1	1	0
$439
0	1	0	0	0
1	0	0	0	1
0	0	1	1	0
0	0	1	1	0
0	1	1	1	0
$440
0	1	0	0	1
1	0	0	0	0
1	0	1	0	0
1	0	1	0	1
1	1	0	0	0
$441
1	1	1	0	0
1	0	0	0	0
0	0	1	1	0
0	0	0	1	1
0	1	1	0	0
$442
1	1	0	0	0
0	0	0	1	0
0	1	0	1	1
1	0	0	0	1
1	0	0	0	1
$443
0	1	1	0	0
1	0	0	1	1
1	0	0	0	0
0	1	0	1	1
0	0	1	0	0
$444
0	1	0	1	0
1	0	0	1	0
0	0	0	1	0
0	0	1	1	0
0	1	1	0	1
$445
1	0	0	0	0
1	0	0	1	1
0	0	0	0	0
0	0	1	1	1
1	1	0	0	1
$446
0	1	1	1	0
0	0	0	0	1
0	1	1	0	0
1	1	0	0	0
1	0	1	0	0
$447
1	0	0	0	0
0	1	1	1	0
1	0	1	1	0
1	0	0	0	1
0	0	1	0	0
$448
1	0	0	0	0
0	0	0	1	0
1	1	0	0	1
0	1	1	0	1
0	1	0	1	0
$449
0	0	0	1	0
1	0	0	0	0
0	1	1	0	0
0	1	0	1	1
1	1	0	0	1
$450
0	0	0	1	0
0	0	0	1	0
0	0	1	0	1
1	1	0	0	0
1	1	1	0	1
$451
0	0	1	1	1
1	0	0	1	1
1	0	0	1	1
0	1	0	0	0
0	0	0	0	0
$452
1	1	0	0	0
1	1	0	0	0
1	1	0	0	0
0	0	1	1	1
0	0	0	1	0
$453
0	1	1	0	1
0	1	0	0	0
0	0	1	1	1
0	0	1	1	0
0	0	0	1	0
$454
1	0	0	0	1
0	1	0	1	0
0	1	0	0	0
1	1	1	0	1
0	0	1	0	0
$455
0	1	1	0	0
0	0	0	1	1
0	0	1	0	0
1	1	0	0	0
1	0	1	0	1
$456
0	0	0	1	1
1	0	1	0	0
0	1	1	0	1
1	0	0	0	0
1	0	0	0	1
$457
0	0	0	1	0
1	0	0	1	0
0	0	1	1	1
0	0	0	0	1
0	1	0	1	1
$458
0	1	0	1	0
0	0	1	1	0
0	1	0	0	1
0	0	1	1	1
0	0	0	0	1
$459
1	0	1	0	0
0	1	0	0	1
0	1	0	0	1
0	0	0	1	0
0	1	1	0	1
$460
0	0	1	1	1
1	0	0	0	0
1	0	0	1	1
0	0	0	0	0
0	1	0	1	1
$461
1	0	0	0	0
1	1	1	0	0
1	0	0	0	0
0	1	1	0	1
0	0	0	1	1
$462
0	1	0	1	0
1	0	0	1	1
0	0	1	0	1
0	0	1	0	1
1	0	0	0	0
$463
0	0	0	0	1
1	0	0	1	1
0	0	1	0	0
1	1	1	0	0
1	1	0	0	0
$464
0	0	0	1	1
1	0	0	0	0
1	0	0	0	1
0	1	0	0	1
0	0	1	1	1
$465
0	1	0	0	1
1	0	0	1	0
0	0	1	1	1
0	0	0	0	1
0	0	1	0	1
$466
0	0	0	0	1
0	0	0	0	0
0	1	0	1	0
0	1	1	0	1
1	0	1	1	1
$467
0	1	0	0	0
1	1	0	1	0
0	1	1	1	0
0	1	0	0	1
0	0	0	1	0
$468
0	1	0	1	1
0	0	0	0	1
0	0	0	0	1
0	1	0	0	0
0	1	1	1	1
$469
0	0	1	0	1
0	0	0	0	1
1	0	1	0	1
0	1	1	0	0
0	1	0	1	0
$470
0	0	1	0	0
0	0	0	0	0
1	0	1	1	1
1	0	1	1	0
1	1	0	0	0
$471
0	0	0	0	0
1	1	1	0	0
0	0	0	1	1
1	0	1	1	0
0	1	0	0	1
$472
0	1	0	0	0
0	0	1	1	0
1	0	0	1	1
0	1	0	1	1
0	1	0	0	0
$473
0	1	0	0	0
0	1	0	0	0
1	1	0	0	0
0	1	0	1	0
1	0	1	1	1
$474
0	0	0	1	0
1	0	0	1	0
0	1	0	0	1
0	0	0	1	1
0	1	0	1	1
$475
1	1	1	0	1
1	0	1	0	0
0	0	0	0	0
0	1	0	0	1
0	0	1	1	0
$476
0	0	1	0	1
1	0	0	0	1
0	0	0	1	1
0	0	1	0	0
1	1	1	0	0
$477
0	0	0	0	1
1	0	1	0	1
0	0	1	0	0
1	1	0	0	1
0	1	0	0	1
$478
0	0	1	1	0
0	1	1	0	1
1	0	0	0	0
0	0	0	0	1
1	0	1	1	0
$479
0	0	1	0	0
1	0	0	1	1
1	0	1	1	0
0	0	0	1	0
0	0	1	1	0
$480
0	0	0	0	1
0	0	0	1	0
0	0	1	1	0
1	1	1	1	0
0	0	0	1	1
$481
1	0	1	0	0
0	0	1	0	0
1	0	1	0	1
0	0	1	1	0
1	0	0	0	1
$482
0	1	0	0	1
0	0	1	1	1
0	1	1	0	1
0	0	0	1	0
0	0	0	0	1
$483
0	1	1	0	0
0	1	1	0	0
1	0	0	0	0
1	0	0	1	1
0	0	0	1	1
$484
1	0	0	0	0
0	0	1	0	0
1	1	0	0	0
1	1	1	0	0
1	1	0	1	0
$485
1	1	0	1	0
1	0	0	1	1
0	0	0	1	1
1	0	0	0	0
0	0	0	0	1
$486
0	0	1	1	1
0	0	0	1	1
0	0	1	0	0
0	1	0	1	0
0	0	0	1	1
$487
1	0	0	1	1
0	1	1	1	1
0	1	0	0	0
1	0	1	0	0
0	0	0	0	0
$488
0	1	0	0	1
0	0	0	1	0
0	1	0	1	1
1	1	1	0	1
0	0	0	0	0
$489
0	1	0	0	1
0	1	0	0	0
0	1	1	1	0
0	1	1	0	0
0	0	0	1	1
$490
1	0	0	0	1
1	1	0	0	0
0	0	0	0	0
0	1	0	1	1
0	1	1	1	0
$491
1	0	0	0	1
1	0	0	0	0
1	1	1	1	0
1	1	0	0	0
0	0	0	1	0
$492
1	0	1	1	1
1	1	0	0	0
0	0	1	0	0
1	1	0	1	0
0	0	0	0	0
$493
0	0	0	1	1
0	1	1	0	0
0	0	1	1	1
0	0	0	1	1
0	0	0	0	1
$494
0	1	1	1	0
0	1	0	0	0
1	0	0	1	1
0	1	0	0	1
0	0	0	1	0
$495
0	0	1	1	0
1	0	1	0	0
0	1	1	1	1
0	0	0	0	0
0	0	1	1	0
$496
1	0	0	0	1
0	0	0	1	1
1	0	0	0	0
0	0	0	1	1
0	1	1	1	0
$497
0	1	1	0	0
1	1	0	0	0
1	0	1	1	0
0	0	0	1	1
0	0	1	0	0
$498
1	0	0	1	0
1	1	0	0	1
1	1	0	0	0
1	0	1	0	0
0	0	0	1	0
$499
1	1	0	1	0
1	0	0	0	0
0	1	0	0	0
1	0	1	1	1
0	0	1	0	0
$500
0	1	1	0	0
1	1	0	0	0
1	1	1	0	1
0	0	1	0	1
0	0	0	0	0
$501
0	1	1	0	1
0	0	0	1	0
1	0	1	0	0
1	0	0	0	0
0	1	0	1	0
$502
0	1	0	0	0
1	1	1	0	0
0	0	0	0	0
1	1	1	0	1
0	0	1	0	0
$503
0	0	0	1	0
1	1	0	0	1
0	0	0	0	1
0	0	0	0	1
1	0	1	1	0
$504
0	0	1	0	1
0	0	1	0	1
0	0	0	0	1
0	0	1	0	0
0	1	1	1	0
$505
1	0	0	0	0
0	0	1	1	0
0	0	1	1	0
0	1	0	0	1
1	0	0	0	1
$506
1	0	1	1	0
0	0	1	0	1
0	0	0	1	0
0	1	1	0	0
0	0	0	0	1
$507
0	0	1	0	1
0	0	0	0	0
0	0	1	1	1
0	0	0	0	1
0	1	0	1	1
$508
0	0	0	0	0
0	1	1	0	1
0	1	0	0	0
0	1	0	1	1
1	0	0	1	0
$509
0	1	0	1	0
0	0	0	1	0
1	0	1	1	1
1	0	0	0	0
0	1	0	0	0
$510
0	0	1	0	0
1	0	1	0	0
1	1	0	0	0
1	1	0	0	1
0	1	0	0	0
$511
0	1	0	0	0
1	0	0	0	1
1	0	0	0	1
1	0	0	0	1
1	0	0	0	1
$512
0	0	0	0	1
0	1	0	0	0
1	0	1	1	0
0	0	0	1	1
0	0	0	1	1
$513
0	0	0	0	1
0	0	0	1	0
0	0	0	1	0
1	1	1	0	0
1	1	0	1	0
$514
0	1	0	0	0
0	1	0	1	0
0	1	1	0	1
1	0	0	0	0
1	1	0	0	0
$515
0	0	0	0	0
1	0	1	0	0
0	0	0	1	1
0	0	1	0	0
1	1	1	1	0
$516
1	1	0	1	0
0	0	1	0	0
0	0	1	0	1
0	1	0	1	1
0	0	0	0	0
$517
0	0	0	1	0
0	0	1	1	0
0	1	0	1	1
0	0	0	1	0
0	0	0	1	1
$518
0	0	1	0	1
0	0	0	1	0
0	1	1	1	0
1	0	0	0	1
0	0	0	0	1
$519
0	0	1	0	1
1	0	0	1	0
0	1	0	0	0
1	1	0	0	0
1	0	0	0	1
$520
0	1	0	0	0
1	0	1	1	0
1	0	1	1	0
0	0	0	0	0
1	0	0	1	0
$521
1	0	0	1	0
0	0	0	0	0
0	1	1	0	0
0	1	1	0	1
0	0	1	0	1
$522
0	1	1	1	0
0	0	0	0	0
0	0	1	1	0
0	1	0	1	0
1	1	0	0	0
$523
0	1	0	0	0
0	1	0	0	0
0	1	0	1	1
0	0	1	0	1
0	1	1	0	0
$524
0	0	0	0	0
0	0	0	1	1
0	1	1	1	1
0	1	1	1	0
0	0	0	0	0
$525
0	0	0	1	0
0	1	1	0	0
0	1	1	0	0
0	0	1	1	1
1	0	0	0	0
$526
1	0	0	0	1
0	1	0	1	1
0	0	0	0	1
0	0	0	0	0
1	0	1	1	0
$527
0	1	0	0	0
0	0	0	1	1
0	0	1	0	0
0	1	1	0	1
0	1	1	0	0
$528
1	0	0	1	1
0	0	1	0	1
0	0	1	0	1
1	1	0	0	0
0	0	0	0	0
$529
0	0	0	0	0
0	1	0	0	1
0	1	1	0	0
0	1	0	1	1
0	0	0	1	1
$530
0	0	0	1	0
0	1	0	0	1
1	0	0	1	0
1	0	1	0	1
0	0	1	0	0
$531
0	1	0	0	0
1	0	1	0	0
1	0	0	0	0
0	0	0	0	1
1	1	1	0	1
$532
0	1	0	0	1
0	0	0	0	0
0	1	1	1	0
0	1	0	0	1
1	0	0	0	1
$533
0	0	0	0	0
1	0	0	1	0
1	0	1	1	1
1	1	0	0	0
0	1	0	0	0
$534
0	0	1	0	0
0	1	1	0	1
0	0	0	0	1
1	0	0	0	1
1	1	0	0	0
$535
0	0	0	1	1
0	0	1	0	0
0	1	0	0	0
1	0	1	0	0
0	0	1	1	1
$536
0	0	1	0	0
0	1	0	1	0
0	0	1	1	0
0	0	1	0	0
0	1	1	1	0
$537
0	0	1	0	0
0	1	0	1	1
1	0	0	1	0
0	0	1	0	1
0	1	0	0	0
$538
0	0	0	0	1
1	1	0	1	1
1	0	0	1	1
0	0	0	0	0
0	0	0	0	1
$539
0	1	0	0	1
0	0	0	0	0
0	0	1	1	1
0	0	1	1	1
1	0	0	0	0
$540
0	0	1	0	0
1	0	0	0	1
1	0	1	1	0
0	1	0	0	0
1	0	0	0	1
$541
0	1	0	1	0
1	0	0	1	0
0	0	1	0	0
0	1	0	0	0
1	1	1	0	0
$542
0	1	0	0	0
0	0	1	1	1
1	0	0	0	0
0	0	0	1	1
0	1	1	0	0
$543
0	0	1	0	1
0	1	0	0	1
0	0	0	1	0
0	1	1	1	0
1	0	0	0	0
$544
0	0	0	1	1
1	0	1	1	0
1	0	0	1	0
0	0	0	0	1
0	0	0	1	0
$545
0	1	0	1	0
1	0	1	0	1
1	0	1	0	0
0	0	0	0	0
1	1	0	0	0
$546
0	0	0	1	1
1	0	1	0	1
1	0	0	0	0
0	1	0	0	0
1	0	0	1	0
$547
1	0	0	0	1
0	1	0	1	1
0	0	1	0	1
0	1	0	1	0
0	0	0	0	0
$548
0	0	0	1	1
1	0	0	0	1
1	0	0	0	0
0	1	1	0	0
0	1	1	0	0
$549
0	0	0	1	0
1	1	0	0	1
1	1	0	0	0
0	0	1	0	1
0	0	1	0	0
$550
0	0	1	0	1
0	0	0	1	0
0	0	0	1	0
1	1	1	0	0
0	0	1	1	0
$551
1	1	0	1	0
1	0	1	0	0
0	0	1	1	0
0	0	0	0	0
0	0	1	1	0
$552
0	0	1	0	1
1	0	1	0	0
0	1	1	0	0
0	1	0	0	0
0	0	0	1	1
$553
1	1	0	0	0
1	1	0	0	0
0	1	0	0	1
1	0	0	1	0
1	0	0	0	0
$554
0	0	0	0	1
1	0	1	1	0
1	0	0	1	0
0	0	0	0	0
0	1	1	1	0
$555
0	0	0	1	0
1	1	0	0	0
0	1	0	1	1
0	0	0	1	0
1	0	1	0	0
$556
0	1	0	1	0
1	0	0	0	0
0	0	1	1	0
0	1	0	0	1
0	1	0	1	0
$557
1	1	1	0	0
0	0	0	1	1
1	0	1	1	0
0	0	0	0	0
0	1	0	0	0
$558
0	1	0	1	1
1	1	0	0	1
0	0	0	0	1
0	0	1	0	0
1	0	0	0	0
$559
0	0	1	0	1
1	0	0	0	0
0	0	1	0	1
1	1	0	1	0
0	0	1	0	0
$560
1	0	0	0	0
1	1	1	0	0
0	1	1	1	0
1	0	0	0	0
0	1	0	0	0
$561
0	1	0	0	0
0	0	0	1	0
0	0	0	1	1
1	0	1	1	1
0	0	0	1	0
$562
0	0	0	0	1
0	1	0	0	0
1	0	0	1	0
0	0	1	1	0
0	1	0	1	1
$563
1	0	0	0	0
0	0	1	1	0
0	1	0	0	1
0	0	0	1	1
0	0	1	0	1
$564
0	0	1	1	0
1	0	1	0	1
1	0	0	0	0
0	0	0	0	1
0	1	0	0	1
$565
0	0	0	1	1
1	0	1	0	1
0	0	0	0	0
0	0	1	0	0
1	1	1	0	0
$566
0	0	1	0	0
1	0	1	0	0
0	0	1	0	1
0	0	1	0	0
1	0	0	1	1
$567
1	0	0	0	1
1	0	0	0	1
0	0	0	0	1
1	0	1	0	1
0	0	1	0	0
$568
0	1	1	1	0
0	0	0	0	0
1	0	0	0	1
0	0	0	0	0
1	1	1	1	0
$569
1	0	1	0	0
0	1	0	1	0
0	0	0	0	1
0	0	0	1	0
1	0	0	1	1
$570
0	1	0	0	1
0	0	0	0	1
0	0	0	1	1
0	0	1	0	0
0	1	0	1	1
$571
0	0	1	0	1
0	1	1	1	0
1	0	1	0	0
0	0	0	0	0
1	1	0	0	0
$572
1	0	0	1	0
0	0	0	0	0
1	0	1	1	1
0	0	0	0	0
0	1	1	0	1
$573
0	0	0	0	1
1	0	0	0	0
0	1	0	1	1
0	0	0	1	1
0	0	1	0	1
$574
0	0	0	0	0
1	1	0	0	1
0	0	1	0	1
1	0	1	0	0
0	0	1	1	0
$575
0	0	0	1	0
0	0	0	0	1
1	0	0	0	0
1	0	1	0	1
1	1	1	0	0
$576
0	1	1	0	1
0	1	0	0	1
1	0	0	0	1
1	0	0	0	0
0	0	0	1	0
$577
0	0	0	0	1
1	1	0	1	0
0	0	0	0	1
1	0	0	0	0
0	1	1	0	1
$578
0	0	1	1	0
1	0	0	0	0
1	0	0	1	1
1	0	0	0	1
0	1	0	0	0
$579
1	0	1	1	0
0	0	0	0	0
0	0	0	0	1
1	1	0	0	1
1	1	0	0	0
$580
0	0	0	0	0
0	0	1	1	0
1	0	0	0	0
1	1	1	0	1
1	1	0	0	0
$581
1	0	0	0	1
1	0	0	0	1
1	1	0	1	0
0	0	0	1	0
0	0	1	0	0
$582
0	1	0	0	0
1	0	0	1	1
1	0	0	0	0
1	0	0	0	1
0	0	1	1	0
$583
0	0	0	1	0
0	0	1	0	1
1	0	1	0	0
0	0	1	1	1
1	0	0	0	0
$584
0	1	1	0	0
1	1	0	1	0
0	0	0	1	0
1	0	0	0	0
0	0	0	1	1
$585
0	0	1	1	1
0	0	1	0	0
1	0	0	1	0
0	0	1	1	0
0	1	0	0	0
$586
0	1	1	0	0
1	0	0	0	1
1	0	1	0	0
0	1	0	1	0
0	0	1	0	0
$587
1	1	0	1	0
0	1	0	1	0
0	0	0	1	0
0	0	0	0	1
0	0	0	1	1
$588
0	0	0	0	1
0	0	0	1	1
0	0	1	0	1
0	1	0	0	0
1	1	0	1	0
$589
0	0	1	1	0
1	0	0	0	0
0	1	0	0	0
0	0	1	1	1
0	0	1	0	1
$590
1	0	1	0	0
1	0	0	1	0
0	0	0	1	0
0	0	1	1	0
0	0	1	1	0
$591
0	1	1	1	0
0	0	0	0	0
1	1	0	0	1
1	1	0	0	0
0	0	0	0	1
$592
1	0	0	0	0
0	0	1	1	1
0	0	0	0	1
0	0	1	0	0
1	1	1	0	0
$593
0	0	0	0	1
1	0	1	0	0
0	1	1	1	1
0	0	1	1	0
0	0	0	0	0
$594
0	1	0	0	0
0	0	1	0	0
1	1	0	0	0
1	1	1	1	0
0	0	1	0	0
$595
0	0	0	0	1
1	1	0	0	0
1	0	1	0	0
0	0	1	0	1
0	0	1	1	0
$596
0	1	1	0	0
0	1	1	0	0
1	0	0	1	1
1	0	0	0	0
0	0	0	1	0
$597
0	0	0	0	0
0	1	0	0	0
1	1	0	1	1
1	0	1	0	0
0	1	0	0	1
$598
1	0	1	1	0
1	0	1	0	0
0	0	0	1	0
0	0	1	0	0
1	0	0	0	1
$599
1	0	0	0	1
0	0	0	1	0
0	1	0	0	1
0	0	0	0	1
1	1	0	1	0
$600
0	0	0	0	0
0	1	1	1	0
1	0	0	0	0
1	0	1	0	1
0	1	1	0	0
$601
0	0	0	0	0
0	1	1	0	1
1	1	1	1	0
0	0	0	1	1
0	0	0	0	0
$602
1	1	1	0	0
0	0	0	0	0
0	0	0	0	0
1	1	1	0	1
0	0	1	1	0
$603
0	0	0	1	0
1	0	1	1	0
0	0	0	0	0
0	0	0	0	1
1	1	1	0	1
$604
0	0	0	0	1
1	0	0	0	0
0	0	1	0	1
1	1	0	1	1
1	0	0	0	0
$605
0	0	0	0	0
1	0	0	1	1
1	1	0	0	1
0	0	0	0	0
0	1	1	1	0
$606
0	1	1	0	1
0	0	1	1	1
0	1	1	1	0
0	0	0	0	0
0	0	0	0	0
$607
1	1	1	0	0
0	1	0	1	0
0	1	1	0	0
1	0	0	0	0
0	0	1	0	0
$608
0	0	1	0	0
1	0	0	0	0
0	1	0	0	1
0	1	0	1	0
1	1	0	0	1
$609
1	0	1	1	0
1	1	0	0	1
1	0	0	0	0
0	0	1	0	0
0	0	0	0	1
$610
0	0	0	1	0
0	0	1	0	0
0	0	0	0	1
0	0	1	1	1
0	0	1	1	1
$611
1	0	1	0	0
0	0	0	0	1
0	0	1	0	0
1	1	0	0	0
0	1	1	1	0
$612
1	0	1	1	0
0	0	1	0	0
1	1	1	0	0
1	0	0	0	1
0	0	0	0	0
$613
0	0	0	0	1
0	1	0	0	0
0	1	1	0	0
1	1	0	0	1
1	0	0	1	0
$614
0	0	1	1	1
1	0	1	0	1
0	0	0	0	0
0	0	0	1	0
0	0	1	1	0
$615
1	0	0	1	0
1	0	1	0	1
1	0	0	0	1
0	0	0	0	1
0	1	0	0	0
$616
0	0	1	0	1
0	1	0	1	0
0	1	0	0	0
0	0	1	1	0
0	1	1	0	0
$617
1	0	1	1	0
0	0	0	0	0
1	1	0	0	1
0	1	0	0	0
1	0	1	0	0
$618
0	0	0	1	0
1	0	0	0	0
0	0	1	0	1
1	0	1	0	0
1	0	1	1	0
$619
0	1	0	1	1
0	1	0	1	1
1	0	1	1	0
0	0	0	0	0
0	0	0	0	0
$620
0	0	0	0	0
0	0	1	1	1
1	0	0	0	0
1	0	1	1	0
1	0	1	0	0
$621
1	0	1	0	0
0	1	0	0	1
1	0	0	0	1
1	0	1	1	0
0	0	0	0	0
$622
1	0	0	1	0
0	0	0	1	1
0	0	1	0	1
0	1	0	0	0
1	0	0	1	0
$623
0	0	1	1	0
1	1	0	0	0
0	1	0	1	0
1	0	1	1	0
0	0	0	0	0
$624
1	1	1	1	1
0	1	0	1	0
1	0	0	0	0
0	0	0	0	0
0	0	0	1	0
$625
0	0	0	0	0
1	0	0	0	0
1	1	1	0	0
0	1	1	1	1
0	0	0	1	0
$626
1	1	0	0	1
0	0	0	1	0
0	0	0	1	0
0	0	1	1	0
0	1	0	1	0
$627
1	0	0	1	0
1	0	0	0	1
0	0	0	0	0
1	0	0	1	0
0	1	0	1	1
$628
1	0	1	0	0
0	0	0	0	1
0	1	0	0	1
0	1	0	1	1
0	0	0	1	0
$629
1	1	0	0	0
1	0	0	1	1
0	0	0	1	0
1	1	1	0	0
0	0	0	0	0
$630
0	0	0	0	0
1	0	0	0	0
0	0	0	1	1
0	0	1	1	0
1	1	1	0	1
$631
0	0	0	0	0
1	0	0	1	1
0	0	1	0	0
1	1	1	1	0
0	0	0	1	0
$632
1	0	0	1	0
0	1	0	0	0
1	0	0	0	0
1	1	0	0	1
0	0	1	1	0
$633
0	1	0	0	1
0	1	1	0	0
0	1	1	0	0
0	1	0	0	0
1	1	0	0	0
$634
1	0	1	0	0
1	1	0	1	1
0	0	0	0	1
0	1	1	0	0
0	0	0	0	0
$635
1	0	1	0	0
0	0	1	1	0
0	0	0	0	0
1	1	0	0	0
1	0	0	1	1
$636
1	1	0	0	1
1	0	0	1	1
0	0	0	1	0
0	0	0	0	0
1	0	0	1	0
$637
1	0	0	1	0
0	0	1	0	0
0	0	0	1	0
0	0	1	1	0
0	1	1	1	0
$638
0	0	1	1	0
0	1	0	0	1
0	0	0	1	0
1	1	0	0	0
0	0	1	1	0
$639
1	0	0	0	1
1	0	1	0	0
1	0	1	0	1
1	1	0	0	0
0	0	0	0	0
$640
0	1	0	0	1
0	0	0	1	1
0	0	0	0	0
0	0	1	1	0
1	1	0	1	0
$641
0	0	0	0	0
0	1	1	1	0
0	0	1	1	1
1	1	0	0	0
0	1	0	0	0
$642
0	1	1	1	0
0	0	0	1	0
0	0	1	0	0
0	0	0	0	0
0	1	1	1	1
$643
1	0	0	1	1
0	0	1	1	0
0	0	1	0	0
1	0	0	0	1
0	0	0	0	1
$644
1	1	1	0	0
0	0	0	0	1
1	0	0	0	0
1	0	0	0	1
0	0	1	1	0
$645
0	1	1	1	0
0	0	0	1	0
1	0	0	0	0
0	0	0	0	1
0	0	1	1	1
$646
0	0	0	0	0
0	1	0	1	0
1	1	1	0	1
0	0	1	0	0
0	1	0	1	0
$647
1	0	0	1	0
1	0	0	1	0
0	1	0	0	0
0	1	0	1	0
0	1	1	0	0
$648
0	0	0	0	0
1	1	0	1	1
0	0	1	0	0
0	1	1	0	1
0	0	1	0	0
$649
0	0	0	1	0
0	1	0	0	0
1	1	1	1	0
1	0	0	0	1
0	1	0	0	0
$650
0	0	0	0	1
0	0	1	1	0
0	0	1	1	0
0	0	1	0	0
0	1	1	1	0
$651
0	1	0	0	1
0	0	0	1	0
1	0	0	1	0
0	1	0	1	0
0	1	0	0	1
$652
1	1	0	0	1
0	0	0	0	0
0	0	1	1	0
0	0	0	1	0
1	0	0	1	1
$653
0	0	0	0	1
1	0	0	0	0
0	1	1	0	1
0	0	0	1	0
1	0	1	0	1
$654
0	1	0	1	0
1	1	1	0	0
1	0	0	1	1
0	0	0	0	0
0	0	1	0	0
$655
0	0	0	1	0
0	1	0	0	1
0	1	1	0	0
0	1	0	0	1
1	1	0	0	0
$656
1	1	0	0	1
0	0	0	0	0
0	1	0	1	0
0	0	1	1	0
0	0	1	0	1
$657
1	0	0	1	0
0	0	0	0	1
0	1	0	0	1
0	1	1	1	0
0	0	0	0	1
$658
0	0	0	0	0
1	0	0	1	1
1	0	1	0	0
0	0	0	1	0
1	0	1	1	0
$659
0	0	0	1	0
0	0	1	0	0
0	0	1	1	1
1	0	0	1	0
0	1	0	1	0
$660
0	0	1	0	0
0	1	1	0	0
1	1	0	0	1
0	0	0	1	1
0	0	0	1	0
$661
0	0	1	1	0
0	0	0	0	0
1	1	0	0	0
0	1	1	1	0
0	1	0	1	0
$662
0	1	0	0	1
0	1	0	1	0
0	0	0	0	0
1	1	0	0	0
0	1	1	1	0
$663
1	0	0	0	1
1	0	0	0	0
1	0	1	1	0
1	0	0	0	0
0	1	0	0	1
$664
0	1	1	0	0
1	0	0	1	0
0	0	0	1	1
0	0	0	0	1
1	0	1	0	0
$665
0	0	0	1	0
0	0	1	1	1
0	0	1	0	0
1	1	0	0	0
0	0	0	1	1
$666
0	0	0	0	1
0	0	0	1	1
0	1	1	0	0
1	1	1	0	0
0	0	0	1	0
$667
0	0	0	1	1
0	0	1	0	0
0	0	0	1	0
0	1	1	0	0
0	1	1	0	1
$668
1	1	0	0	0
1	0	1	1	1
1	0	0	0	0
0	0	0	1	0
1	0	0	0	0
$669
0	1	0	1	0
1	0	0	1	0
0	0	0	1	0
1	0	1	0	0
0	0	0	1	1
$670
0	0	0	0	1
0	0	1	0	0
0	1	0	0	0
1	0	0	1	0
0	1	1	1	1
$671
0	1	0	1	0
0	0	0	0	0
0	1	0	0	1
0	1	0	1	1
1	1	0	0	0
$672
0	0	1	0	0
0	1	1	0	0
0	1	0	0	0
1	0	1	1	0
1	0	1	0	0
$673
0	1	0	0	0
0	1	0	1	0
1	0	1	1	0
1	0	0	0	0
0	0	1	1	0
$674
0	1	0	0	1
0	0	1	0	0
1	1	0	1	0
0	1	0	0	0
0	1	1	0	0
$675
0	1	0	0	1
1	0	0	0	1
0	1	1	0	1
0	0	0	0	0
0	0	0	1	1
$676
0	0	1	1	1
0	0	0	1	0
0	1	0	0	1
0	0	0	1	0
0	1	0	0	1
$677
1	0	0	1	0
0	0	0	1	1
1	0	0	1	0
0	1	0	0	1
0	1	0	0	0
$678
1	0	0	1	0
0	1	1	1	0
0	0	0	0	0
1	0	0	0	0
1	0	0	1	1
$679
1	1	0	0	0
0	0	0	1	0
0	1	1	0	1
0	0	0	0	1
0	1	1	0	0
$680
0	0	1	1	1
0	0	0	1	1
0	0	0	0	0
1	0	0	0	0
1	0	1	1	0
$681
0	1	0	0	0
0	0	0	1	0
1	0	0	0	0
0	1	0	0	1
1	0	1	1	1
$682
0	0	0	0	1
0	0	0	1	0
1	1	0	1	0
1	1	0	0	1
1	0	0	0	0
$683
0	0	0	1	0
1	0	0	0	0
0	0	0	1	0
1	0	1	1	0
0	1	1	1	0
$684
0	1	0	0	0
0	0	0	1	0
1	0	1	1	0
0	1	1	1	1
0	0	0	0	0
$685
0	1	0	0	1
1	0	0	0	1
0	0	0	1	0
0	1	0	1	0
1	0	0	1	0
$686
0	0	0	0	0
0	1	1	0	0
0	0	1	0	0
1	0	0	0	1
1	1	1	1	0
$687
0	0	1	0	1
0	1	0	0	0
1	1	1	1	1
0	1	0	0	0
0	0	0	0	0
$688
1	0	0	1	0
0	1	1	1	0
1	0	0	1	0
0	1	0	1	0
0	0	0	0	0
$689
0	0	0	0	0
1	1	0	1	0
0	0	1	1	1
0	0	0	1	1
0	0	0	0	1
$690
0	0	0	0	1
1	0	0	0	0
0	1	0	1	1
1	0	1	0	0
1	0	1	0	0
$691
1	0	1	0	0
0	1	0	0	0
1	0	0	1	1
0	0	0	0	0
0	1	1	1	0
$692
0	1	0	0	1
0	0	1	0	1
0	1	1	1	0
0	0	1	0	1
0	0	0	0	0
$693
0	0	0	1	1
1	1	0	0	1
0	0	0	0	0
1	1	0	0	1
0	0	0	1	0
$694
0	0	0	0	1
0	0	1	0	1
0	0	1	0	1
1	1	0	0	0
1	0	0	0	1
$695
0	1	1	1	0
1	1	1	0	0
0	1	0	0	0
1	0	0	0	0
0	1	0	0	0
$696
1	1	1	0	0
0	1	1	0	0
0	0	0	0	1
0	0	0	1	1
0	0	1	0	0
$697
0	0	0	0	0
0	1	0	1	1
0	0	1	0	1
1	1	0	0	0
1	0	0	0	1
$698
1	0	1	1	0
1	0	0	0	0
1	0	1	0	0
0	0	0	1	0
0	0	1	1	0
$699
0	1	0	0	1
1	0	0	0	1
0	0	0	0	0
0	0	1	0	0
1	1	1	0	1
$700
1	1	0	0	0
0	1	0	0	0
0	1	1	0	1
0	0	0	0	0
1	1	1	0	0
$701
1	0	0	0	1
1	0	1	0	0
0	0	1	0	0
0	0	0	1	0
0	0	1	0	1
$702
0	0	1	1	1
0	1	0	0	1
0	0	0	1	1
1	0	0	0	0
0	0	0	0	0
$703
0	0	0	1	0
1	0	0	1	1
1	0	0	0	0
1	0	0	0	1
0	0	0	0	1
$704
0	1	0	0	0
1	1	0	0	1
1	0	0	0	0
0	0	0	0	1
1	0	0	0	1
$705
1	0	0	1	0
0	0	1	0	0
0	0	1	0	0
0	0	1	0	1
1	0	1	0	0
$706
0	1	0	0	0
0	1	0	0	1
1	0	0	1	0
0	0	0	1	0
0	1	1	0	0
$707
0	0	1	0	0
0	0	0	1	0
0	0	1	1	0
0	0	0	0	1
1	0	1	1	0
$708
1	0	1	0	0
1	1	0	0	0
1	0	1	0	1
0	0	1	0	0
0	0	0	0	0
$709
1	1	1	0	0
1	0	0	0	1
0	0	0	0	0
0	0	1	0	0
1	1	0	0	0
$710
1	0	0	1	0
0	0	0	0	0
0	1	0	0	1
1	0	0	1	1
0	0	0	1	0
$711
0	0	1	0	0
0	1	0	1	0
1	0	0	0	0
0	0	1	1	1
0	1	0	0	0
$712
1	0	0	0	0
0	0	0	0	1
0	0	1	0	1
0	0	1	1	1
0	1	0	0	0
$713
0	1	0	1	1
0	0	1	0	0
0	0	0	0	0
0	1	1	0	1
1	0	0	0	0
$714
0	0	0	1	0
0	1	1	0	0
0	0	1	1	0
0	0	0	0	0
1	1	1	0	0
$715
0	0	1	0	0
1	0	0	0	0
0	0	0	1	1
1	1	0	1	0
0	0	0	0	1
$716
0	0	0	0	1
1	0	1	1	0
1	1	1	0	0
0	0	0	0	0
0	0	1	0	0
$717
0	0	0	1	1
1	0	0	0	1
0	0	1	0	0
1	0	0	0	0
0	0	1	1	0
$718
0	0	1	0	0
0	1	0	1	0
0	0	0	1	0
0	1	0	0	0
1	1	1	0	0
$719
1	0	0	0	0
0	0	1	1	0
0	1	1	1	0
0	1	0	0	0
0	1	0	0	0
$720
0	1	0	0	1
0	1	1	0	0
1	0	0	1	0
0	0	0	0	1
0	1	0	0	0
$721
1	0	0	0	0
0	0	0	0	0
0	1	1	1	1
1	0	0	0	1
0	1	0	0	0
$722
0	0	0	0	0
1	1	0	0	1
0	0	0	1	0
0	0	0	1	1
0	1	1	0	0
$723
0	1	1	1	0
0	0	0	0	1
0	0	0	0	1
0	1	1	0	0
0	0	0	1	0
$724
0	0	1	0	0
0	0	0	1	1
1	0	0	1	0
0	0	0	1	0
0	1	1	0	0
$725
0	1	0	0	0
0	1	0	0	0
1	0	1	1	0
1	0	0	0	0
1	0	1	0	0
$726
0	1	0	0	1
0	1	0	0	0
1	0	0	1	0
0	0	0	0	1
1	0	0	0	1
$727
0	0	1	0	0
1	0	1	0	1
0	0	1	1	0
0	0	1	0	0
0	0	1	0	0
$728
1	0	0	0	1
0	0	0	1	0
1	0	0	0	1
0	0	0	1	1
0	0	0	1	0
$729
0	0	0	0	0
0	0	0	1	1
0	0	0	1	1
0	0	0	1	1
0	0	1	1	0
$730
0	0	1	0	1
1	1	0	1	0
0	0	0	1	0
0	1	0	0	0
0	1	0	0	0
$731
0	0	0	0	1
1	0	1	0	0
0	1	0	0	0
0	0	0	1	1
0	1	0	0	1
$732
0	0	1	0	1
0	0	0	0	0
1	0	1	0	0
0	1	1	0	0
0	0	1	0	1
$733
0	0	0	0	0
0	0	1	0	0
0	1	1	0	0
1	0	0	0	0
1	1	1	0	1
$734
0	0	0	1	1
1	0	1	0	0
0	1	0	0	1
0	0	1	1	0
0	0	0	0	0
$735
0	0	0	0	1
1	0	0	0	0
0	0	0	0	0
0	1	0	0	1
0	1	1	1	1
$736
1	0	0	0	0
1	0	0	0	1
0	1	1	0	0
0	0	0	1	0
0	0	0	1	1
$737
1	1	0	1	0
0	1	0	0	0
1	1	0	1	0
0	0	0	1	0
0	0	0	0	0
$738
0	1	0	1	0
0	0	0	0	0
0	1	1	0	1
0	0	0	1	1
1	0	0	0	0
$739
0	0	0	1	0
0	1	0	0	1
1	0	0	0	1
0	1	0	0	1
0	0	0	1	0
$740
0	0	0	0	1
0	0	1	0	1
1	0	0	0	1
1	1	0	0	0
0	0	0	1	0
$741
0	1	0	1	0
0	1	0	0	1
0	0	0	0	1
0	1	0	0	0
0	0	0	1	1
$742
1	0	0	1	0
1	0	1	0	1
0	0	0	0	0
0	0	0	0	0
1	0	1	1	0
$743
1	0	0	1	0
0	0	1	0	1
0	0	0	0	0
1	1	0	0	0
1	1	0	0	0
$744
0	0	1	0	0
1	0	0	1	1
1	0	0	0	0
0	0	0	0	1
0	1	1	0	0
$745
0	0	0	1	1
0	0	0	0	1
0	0	1	1	1
0	0	1	0	0
0	1	0	0	0
$746
0	0	0	0	0
0	0	0	1	0
0	0	1	0	1
0	0	1	0	0
1	1	1	1	0
$747
0	0	0	1	0
0	1	0	0	1
0	1	0	0	0
0	0	0	0	0
1	1	1	1	0
$748
0	0	0	1	0
0	0	0	0	0
0	1	1	0	0
0	1	1	0	1
0	1	1	0	0
$749
0	1	1	0	1
0	0	0	0	0
0	0	0	1	1
1	0	0	0	0
1	0	0	1	0
$750
0	0	1	0	0
0	1	0	0	0
0	0	0	1	1
0	1	1	0	0
1	0	0	1	0
$751
0	0	0	1	0
1	0	1	0	0
1	1	0	1	0
0	0	0	0	0
1	0	0	0	1
$752
0	1	0	1	0
0	1	0	0	1
0	0	0	1	1
0	0	0	1	0
0	0	0	0	1
$753
0	0	0	0	0
0	0	0	0	1
0	1	1	0	1
1	1	0	0	1
0	0	1	0	0
$754
0	1	0	1	1
1	1	0	0	0
0	1	0	0	0
0	0	0	1	1
0	0	0	0	0
$755
0	1	0	1	0
1	0	0	0	0
1	0	0	0	1
1	0	0	1	0
0	0	0	0	1
$756
0	0	0	0	1
0	0	1	0	0
1	1	0	0	0
0	1	0	0	1
0	0	1	1	0
$757
1	0	1	0	0
0	1	1	0	0
0	1	1	1	0
0	0	0	0	0
0	0	1	0	0
$758
0	0	0	0	1
1	0	0	1	0
1	1	1	0	0
0	0	1	0	0
0	0	1	0	0
$759
0	0	1	1	0
0	0	0	0	0
0	1	0	0	0
0	1	1	0	0
1	0	1	1	0
$760
0	0	0	1	1
1	0	1	1	0
0	0	0	1	1
0	0	0	0	0
0	0	1	0	0
$761
0	0	0	0	0
0	0	0	0	1
0	0	0	0	0
1	1	1	0	0
1	1	1	0	1
$762
0	0	0	0	1
0	0	1	1	0
0	0	1	0	0
1	0	0	0	0
0	0	1	1	1
$763
0	1	1	0	1
1	0	0	0	1
0	0	1	0	1
0	0	0	0	0
0	0	1	0	0
$764
0	1	1	0	1
1	0	0	1	0
0	0	0	1	0
0	0	0	0	0
1	1	0	0	0
$765
0	1	1	0	0
1	0	0	1	1
0	0	1	0	0
1	0	0	1	0
0	0	0	0	0
$766
0	0	0	1	0
1	0	0	0	0
1	0	0	1	0
0	0	1	0	0
1	0	1	0	1
$767
0	0	1	0	0
1	1	0	0	0
0	0	1	1	0
0	0	0	0	0
0	1	0	1	1
$768
0	0	0	1	1
0	0	0	1	0
0	0	1	0	1
1	0	0	0	0
1	0	0	1	0
$769
0	0	1	0	0
0	0	0	0	0
1	0	1	1	0
1	0	0	0	1
0	0	1	1	0
$770
0	1	1	0	0
1	0	0	1	0
0	0	0	0	1
1	0	1	0	0
0	0	0	0	1
$771
0	0	0	0	1
1	1	0	0	0
0	0	0	0	0
1	0	1	1	0
0	0	1	1	0
$772
0	0	0	0	0
1	0	1	1	0
1	0	0	0	1
1	0	0	1	0
0	1	0	0	0
$773
0	0	1	0	0
0	0	0	0	0
0	1	1	1	1
0	1	0	0	1
0	0	0	1	0
$774
0	0	0	0	1
0	1	0	0	0
0	1	0	1	0
1	1	1	0	0
0	1	0	0	0
$775
0	0	1	0	1
0	0	0	0	0
1	0	0	0	0
0	1	1	1	1
1	0	0	0	0
$776
1	1	0	0	0
0	0	1	0	0
0	0	1	1	0
0	1	0	0	1
0	0	0	1	0
$777
0	1	0	0	0
0	1	0	1	0
1	1	0	0	0
0	1	1	1	0
0	0	0	0	0
$778
0	0	1	1	0
1	0	0	0	1
0	0	0	0	0
0	0	1	1	0
1	1	0	0	0
$779
0	0	0	0	1
0	0	0	0	0
0	0	1	1	1
1	0	0	1	0
0	0	1	1	0
$780
1	0	0	0	1
0	0	0	0	0
1	0	0	0	0
1	0	1	0	0
0	1	1	0	1
$781
0	0	0	0	0
0	1	0	0	0
0	0	0	1	0
0	1	0	1	1
1	1	0	1	0
$782
0	0	0	1	1
0	1	0	0	0
1	1	0	1	0
0	0	1	0	0
0	1	0	0	0
$783
1	0	0	1	0
0	1	0	0	0
0	0	0	0	0
0	1	0	0	1
1	1	0	0	1
$784
0	0	1	0	1
0	0	0	0	1
0	0	1	0	0
0	0	1	1	1
0	0	1	0	0
$785
0	1	0	0	0
1	1	1	0	0
1	0	0	1	1
0	0	0	0	0
0	0	1	0	0
$786
0	0	1	0	0
0	0	1	1	0
0	0	0	1	0
0	1	0	1	0
0	1	0	0	1
$787
0	0	0	0	0
1	1	0	0	1
1	0	0	1	1
0	1	0	0	1
0	0	0	0	0
$788
0	0	0	1	0
0	0	1	0	0
1	1	0	0	0
0	1	0	0	0
1	1	1	0	0
$789
0	0	1	0	0
1	1	1	0	0
1	0	0	0	0
0	0	1	0	0
1	0	0	1	0
$790
0	0	0	1	0
1	0	0	1	1
0	0	0	0	0
1	1	0	0	0
0	1	1	0	0
$791
0	0	1	0	0
0	0	0	0	0
1	0	1	0	0
0	1	1	0	1
1	0	1	0	0
$792
0	1	1	0	1
0	1	1	1	0
0	1	0	0	0
1	0	0	0	0
0	0	0	0	0
$793
0	0	1	0	0
0	0	1	1	1
0	1	0	0	0
0	0	0	0	1
1	0	0	1	0
$794
1	1	1	1	0
0	1	0	1	0
0	0	0	0	0
1	0	0	0	0
0	0	0	0	1
$795
0	0	0	0	0
1	0	1	0	0
0	1	0	1	1
0	0	1	1	0
0	0	0	0	1
$796
1	0	1	0	0
0	1	0	0	1
0	1	1	1	0
0	0	0	0	0
0	0	1	0	0
$797
1	0	0	0	0
0	0	1	0	1
0	0	0	1	1
0	0	0	1	1
1	0	0	0	0
$798
1	0	1	0	0
1	0	1	0	0
0	0	0	0	0
1	0	0	1	0
1	1	0	0	0
$799
1	0	0	0	0
0	0	1	0	1
1	1	0	0	0
1	0	0	0	0
1	0	1	0	0
$800
0	0	0	1	0
1	0	0	0	0
1	1	1	0	0
0	0	1	0	1
1	0	0	0	0
$801
0	1	0	1	0
0	0	1	0	0
1	0	0	1	0
0	1	0	0	0
0	1	0	0	1
$802
1	0	0	1	0
0	0	0	0	1
0	0	0	0	0
0	0	1	1	1
0	0	0	1	1
$803
0	1	1	0	1
0	0	1	0	0
0	0	0	0	0
0	1	1	0	0
0	0	0	1	1
$804
0	0	1	1	0
0	0	0	0	0
0	0	0	1	1
0	0	1	1	0
0	0	1	0	1
$805
0	0	1	0	0
0	1	0	1	0
1	0	0	0	0
0	0	0	0	1
1	1	0	0	1
$806
1	1	0	1	0
0	0	0	0	0
0	0	0	1	0
0	0	1	0	1
1	0	0	1	0
$807
0	0	1	0	1
0	0	1	0	0
0	1	0	0	0
0	0	1	0	0
0	0	1	1	1
$808
0	0	0	1	1
1	0	0	1	0
0	1	0	1	0
0	1	0	0	0
0	0	0	1	0
$809
1	0	1	0	0
0	0	0	0	0
0	1	0	1	1
1	0	0	0	1
0	0	0	0	1
$810
0	0	0	0	1
0	1	0	1	0
0	0	0	0	0
1	0	1	0	0
1	0	1	1	0
$811
0	1	0	0	0
1	0	0	0	0
0	1	0	1	1
1	0	0	0	1
0	1	0	0	0
$812
0	1	1	0	0
0	1	0	0	0
0	1	0	0	0
0	0	1	0	1
0	1	0	1	0
$813
0	1	0	1	1
1	0	1	0	0
0	0	0	0	0
0	1	0	0	1
0	0	0	1	0
$814
1	0	0	0	1
1	0	0	0	1
0	1	1	0	0
1	0	0	0	0
0	1	0	0	0
$815
0	1	1	0	0
0	0	1	0	0
0	0	0	1	0
0	0	1	0	0
1	1	0	1	0
$816
1	1	1	0	1
0	0	0	0	0
0	1	0	0	0
0	0	1	1	1
0	0	0	0	0
$817
0	0	0	1	0
0	0	1	0	1
1	0	1	0	0
0	0	0	0	0
0	1	1	0	1
$818
0	0	0	0	0
1	0	0	0	0
0	1	1	1	0
1	0	1	0	0
0	0	0	1	1
$819
0	0	1	1	0
0	1	1	1	0
1	0	0	0	1
0	0	1	0	0
0	0	0	0	0
$820
0	0	1	0	0
0	1	0	0	1
0	0	1	0	0
1	1	0	0	0
0	1	0	1	0
$821
0	0	0	1	1
0	0	0	1	1
0	0	0	1	0
0	1	1	0	0
0	0	1	0	0
$822
0	0	0	0	1
1	0	0	0	0
0	0	1	1	1
0	1	0	0	0
0	0	1	1	0
$823
0	1	0	0	0
0	0	1	0	0
1	0	0	0	0
1	0	1	1	0
0	1	0	1	0
$824
0	1	0	0	1
0	1	0	0	0
0	0	0	0	1
0	1	1	1	0
0	0	0	0	1
$825
0	0	0	1	0
0	0	1	1	1
1	0	0	0	0
0	0	0	1	1
0	1	0	0	0
$826
0	1	1	0	0
0	0	1	1	0
0	0	1	0	1
0	1	0	0	0
0	0	0	1	0
$827
1	1	0	0	0
1	1	1	0	1
0	0	1	0	0
0	1	0	0	0
0	0	0	0	0
$828
1	0	0	0	0
0	1	0	0	0
1	0	1	1	1
1	0	1	0	0
0	0	0	0	0
$829
1	1	0	0	0
0	0	0	1	0
0	0	0	1	1
1	0	0	0	0
1	0	1	0	0
$830
1	0	1	0	0
0	0	0	0	0
1	1	1	0	1
0	0	1	0	0
1	0	0	0	0
$831
0	1	0	0	1
1	0	0	0	0
0	1	0	0	1
0	0	1	1	0
0	0	0	0	1
$832
0	0	0	0	0
0	1	1	1	0
0	0	0	0	0
0	1	0	0	1
0	1	0	1	1
$833
0	0	1	0	0
0	0	0	0	1
0	0	0	0	1
1	0	1	1	0
1	0	0	0	1
$834
1	0	1	0	0
0	0	0	1	0
1	1	0	0	0
1	0	1	1	0
0	0	0	0	0
$835
1	1	0	0	0
1	0	0	1	0
0	0	0	0	1
0	1	0	0	1
1	0	0	0	0
$836
1	0	0	1	0
1	0	1	1	1
0	0	0	0	1
0	0	0	0	0
1	0	0	0	0
$837
0	0	1	0	1
0	0	0	1	0
1	1	1	0	0
0	0	0	1	1
0	0	0	0	0
$838
0	1	1	0	0
0	0	0	0	0
1	0	1	0	0
0	1	0	0	1
0	0	1	1	0
$839
0	1	0	0	0
0	1	0	1	0
1	1	1	0	0
0	0	0	0	1
0	0	0	0	1
$840
0	1	0	0	0
1	0	0	1	0
0	0	0	0	0
1	1	1	1	0
0	0	0	0	1
$841
1	1	0	0	0
1	0	0	0	1
1	0	0	0	0
0	0	0	1	1
1	0	0	0	0
$842
1	0	1	0	0
0	1	1	0	0
0	0	0	1	0
0	1	1	0	0
0	0	1	0	0
$843
1	0	0	0	0
0	1	1	0	0
1	0	0	1	0
0	1	0	0	0
0	0	1	0	1
$844
0	1	0	0	0
1	0	1	0	1
0	1	0	0	0
1	0	0	1	0
0	1	0	0	0
$845
0	0	0	1	0
0	1	0	0	1
1	0	0	0	0
0	0	0	1	0
0	1	1	0	1
$846
0	1	0	0	0
0	1	0	0	1
0	0	0	1	0
0	1	1	1	0
0	0	0	1	0
$847
1	0	0	0	0
1	0	1	1	0
1	0	1	0	1
0	0	0	0	1
0	0	0	0	0
$848
0	0	0	1	0
1	0	0	0	1
0	0	1	0	1
0	0	1	0	0
0	0	1	0	1
$849
0	1	0	0	0
0	1	1	0	0
1	0	0	1	1
0	0	1	0	0
0	0	0	1	0
$850
0	1	0	0	0
0	0	1	1	0
1	0	0	1	0
1	1	0	0	0
1	0	0	0	0
$851
1	0	0	0	0
0	0	0	1	0
0	1	0	1	0
1	1	0	0	1
1	0	0	0	0
$852
0	0	0	1	0
0	1	0	0	1
1	0	1	0	0
0	1	1	0	0
0	1	0	0	0
$853
1	0	0	0	0
0	0	0	0	0
1	1	1	0	0
1	1	0	1	0
0	1	0	0	0
$854
1	0	0	1	1
1	0	0	1	0
0	0	0	0	0
1	0	0	0	0
0	1	1	0	0
$855
0	0	0	0	0
1	0	1	0	0
1	0	1	0	1
0	1	0	1	0
0	1	0	0	0
$856
1	1	1	0	0
0	1	0	1	1
0	0	0	0	0
0	0	0	1	0
0	1	0	0	0
$857
1	1	0	0	1
1	0	0	0	1
0	0	0	1	0
0	0	0	0	0
0	1	0	1	0
$858
0	1	0	0	1
0	0	0	0	0
0	0	0	0	1
0	1	0	1	0
0	1	1	0	1
$859
0	0	1	0	0
0	0	1	0	0
1	0	0	0	0
0	1	1	1	0
0	1	0	0	1
$860
0	0	0	0	0
1	1	1	0	1
0	0	0	0	1
0	0	0	1	1
1	0	0	0	0
$861
0	1	0	1	1
1	0	0	1	0
0	0	0	0	0
1	1	0	0	0
0	0	0	1	0
$862
1	0	0	0	1
0	0	0	0	1
0	1	1	0	0
1	1	1	0	0
0	0	0	0	0
$863
0	0	0	1	0
1	0	0	1	1
0	0	0	0	0
1	0	1	1	0
1	0	0	0	0
$864
0	0	0	0	0
0	0	0	0	1
0	0	0	1	1
1	1	1	0	0
0	0	1	1	0
$865
0	0	1	0	1
0	1	0	1	0
0	0	0	1	1
0	0	0	1	0
0	0	1	0	0
$866
1	1	1	0	0
0	0	0	0	1
0	0	0	0	0
0	1	0	0	0
1	1	0	1	0
$867
0	0	1	1	0
0	1	0	0	1
1	0	0	0	0
0	0	0	1	0
0	0	1	0	1
$868
1	0	0	0	1
0	1	0	1	0
1	0	0	0	0
0	1	0	1	0
0	1	0	0	0
$869
1	0	0	0	1
0	0	0	1	1
0	0	0	1	1
0	0	0	0	0
0	1	0	0	1
$870
1	0	0	0	1
1	0	1	0	0
0	0	0	1	1
0	0	1	0	0
0	0	0	0	1
$871
1	0	1	0	0
1	0	0	1	1
0	0	0	0	0
1	1	0	0	0
0	0	1	0	0
$872
0	1	0	1	1
1	1	1	0	0
0	0	1	0	0
0	0	0	0	0
1	0	0	0	0
$873
0	0	1	1	0
1	0	0	0	1
0	0	0	0	1
0	0	0	0	1
1	0	0	0	1
$874
1	0	0	1	0
1	0	0	0	0
0	1	1	0	0
1	0	0	0	0
1	1	0	0	0
$875
0	0	0	0	0
1	0	0	0	1
1	1	0	1	0
1	1	1	0	0
0	0	0	0	0
$876
0	0	0	1	0
0	1	1	0	0
0	0	1	1	0
0	0	1	0	0
1	0	1	0	0
$877
1	0	0	0	1
0	1	0	1	0
0	0	0	1	0
1	0	0	0	0
0	1	0	0	1
$878
0	1	0	1	0
0	1	0	0	0
0	0	1	0	1
0	0	0	0	0
0	1	1	0	1
$879
0	0	0	1	0
0	1	0	0	0
0	1	1	0	1
1	1	0	0	0
0	0	0	1	0
$880
0	1	1	1	0
0	0	0	0	0
0	1	1	0	0
1	0	1	0	1
0	0	0	0	0
$881
0	0	0	1	0
0	1	1	0	1
0	0	1	0	0
0	0	1	1	0
0	1	0	0	0
$882
1	0	0	1	0
0	0	0	0	0
0	1	0	0	1
1	0	0	1	1
0	1	0	0	0
$883
0	1	1	0	0
0	1	0	1	0
0	0	0	0	0
0	0	1	1	1
1	0	0	0	0
$884
1	0	0	1	0
0	0	0	0	0
0	0	0	1	0
1	1	1	0	0
0	0	1	1	0
$885
0	1	0	0	0
0	0	0	0	1
0	1	0	1	0
1	0	1	0	1
0	0	0	0	1
$886
0	0	1	0	0
0	1	1	0	0
1	0	0	1	0
1	0	1	0	0
0	0	0	1	0
$887
1	0	0	1	0
1	0	1	0	0
0	0	0	0	0
1	0	0	0	0
1	1	0	0	1
$888
0	1	0	1	0
1	1	0	0	0
1	0	0	1	1
0	0	0	0	0
0	1	0	0	0
$889
0	1	0	0	0
1	0	0	1	0
0	1	1	1	0
0	0	0	0	0
1	0	0	0	1
$890
0	0	1	1	1
1	0	0	1	1
1	0	0	1	0
0	0	0	0	0
0	0	0	0	0
$891
0	0	0	0	0
1	0	1	1	0
0	1	0	1	1
0	0	0	1	1
0	0	0	0	0
$892
1	0	0	1	0
1	1	0	0	1
0	0	1	0	0
0	0	0	0	1
0	0	0	1	0
$893
1	1	0	0	0
1	0	0	1	0
0	1	0	1	0
0	0	1	0	1
0	0	0	0	0
$894
0	1	0	0	0
1	0	0	1	1
1	0	1	0	1
0	1	0	0	0
0	0	0	0	0
$895
0	0	0	0	0
0	0	1	0	0
1	1	0	0	1
1	0	0	0	0
0	1	0	1	1
$896
0	1	1	0	1
0	0	0	0	1
0	0	0	0	0
1	1	1	0	0
0	1	0	0	0
$897
1	0	0	0	0
0	0	0	0	1
0	1	1	1	0
0	1	0	1	0
0	0	0	1	0
$898
0	1	0	0	0
0	0	0	1	1
0	1	0	0	0
0	0	0	1	0
0	1	1	1	0
$899
0	0	0	1	0
1	0	0	1	0
0	1	0	0	0
0	0	0	0	1
0	0	1	1	1
$900
1	0	0	0	1
0	0	1	0	0
1	0	1	0	0
0	1	0	1	0
0	0	1	0	0
$901
0	1	0	0	0
0	0	0	0	0
0	0	0	1	1
1	1	0	0	1
1	0	0	0	0
$902
0	0	0	1	0
1	0	0	0	0
0	1	1	0	0
1	0	0	1	1
0	0	0	0	0
$903
1	0	0	0	0
0	0	0	0	0
0	0	1	1	1
0	0	1	0	1
0	0	1	0	0
$904
0	1	0	0	0
0	1	0	1	0
0	1	0	0	0
1	0	0	0	0
1	1	0	0	0
$905
1	0	0	0	0
0	0	1	1	0
1	1	0	0	0
1	0	0	0	0
0	0	0	0	1
$906
0	0	0	1	0
0	0	0	0	0
1	1	0	0	1
0	1	0	0	1
1	0	0	0	0
$907
1	1	1	0	0
1	0	0	0	1
0	0	0	0	0
0	1	0	1	0
0	0	0	0	0
$908
1	1	0	0	0
1	0	0	0	1
0	0	0	1	0
0	0	0	0	0
0	0	0	1	1
$909
1	0	0	0	0
0	0	0	0	1
1	1	0	0	0
0	0	0	0	0
1	1	1	0	0
$910
0	0	0	1	0
1	1	0	0	0
0	0	0	0	1
1	1	0	0	0
1	0	0	0	0
$911
0	0	0	0	0
0	0	0	1	0
1	0	0	0	1
0	0	0	1	1
0	0	1	0	1
$912
0	0	1	0	0
0	0	1	0	1
1	0	0	1	0
0	0	0	0	0
1	0	1	0	0
$913
1	0	0	1	1
0	0	1	0	0
0	1	0	0	0
0	0	0	0	1
0	0	0	0	1
$914
0	1	0	0	0
0	0	1	0	0
0	0	1	0	0
0	1	1	1	1
0	0	0	0	0
$915
0	0	0	0	0
0	1	1	0	0
1	0	1	0	0
1	1	0	0	0
0	1	0	0	0
$916
1	1	0	0	0
0	1	0	0	1
0	0	0	1	0
0	1	0	0	0
1	0	0	0	0
$917
0	0	0	0	0
1	1	0	1	0
0	1	1	0	1
0	0	0	0	0
0	0	1	0	0
$918
0	0	0	0	0
1	0	0	1	0
1	0	1	0	0
1	0	0	0	0
1	0	0	1	0
$919
0	1	0	0	0
0	0	1	0	0
0	0	0	1	0
0	1	0	0	0
0	1	1	0	1
$920
0	1	1	0	0
1	0	1	0	0
0	1	0	0	0
0	0	1	0	0
0	1	0	0	0
$921
0	0	1	0	0
1	0	0	0	0
0	1	0	0	0
0	1	1	0	0
0	1	1	0	0
$922
0	1	0	0	0
0	0	0	1	1
1	0	0	0	1
0	0	0	0	1
1	0	0	0	0
$923
1	0	0	1	0
0	0	0	1	0
0	0	0	0	0
1	0	0	0	0
0	1	0	1	1
$924
0	0	0	0	0
0	1	1	1	1
0	0	0	0	0
1	0	0	1	0
0	0	0	0	1
$925
0	0	0	1	0
0	0	1	0	0
1	0	1	0	0
0	1	0	0	0
1	1	0	0	0
$926
0	0	1	0	1
0	0	0	0	0
0	0	0	0	1
1	0	0	1	0
0	1	0	0	1
$927
0	0	0	0	0
1	1	0	0	0
0	0	1	1	0
0	1	0	0	0
1	0	0	0	1
$928
0	0	0	1	1
0	1	0	0	0
0	0	0	0	0
0	0	1	1	1
0	0	1	0	0
$929
1	0	1	0	0
0	0	1	0	0
1	0	0	0	1
0	0	1	1	0
0	0	0	0	0
$930
1	0	1	0	1
1	0	0	0	0
1	0	0	1	0
1	0	0	0	0
0	0	0	0	0
$931
0	0	0	0	1
1	0	0	0	0
1	0	0	0	0
0	0	0	1	1
1	0	0	0	1
$932
0	0	0	1	1
0	0	1	0	1
0	0	0	0	0
0	1	1	0	0
0	1	0	0	0
$933
0	0	1	0	0
0	0	1	0	0
0	0	0	0	0
0	0	1	0	1
1	0	1	1	0
$934
1	0	0	0	1
0	1	0	0	1
0	0	1	0	0
0	0	0	0	0
0	0	1	0	1
$935
0	1	0	0	0
0	1	1	0	0
0	0	1	1	0
0	0	1	0	0
1	0	0	0	0
$936
0	0	0	0	0
0	0	0	1	0
0	0	0	0	1
0	0	0	1	1
1	0	0	1	1
$937
1	0	0	0	0
0	1	1	0	0
1	0	0	0	0
0	0	1	0	0
0	1	0	0	1
$938
0	0	1	0	0
0	1	1	0	0
0	1	0	0	0
0	0	0	0	0
1	1	0	1	0
$939
0	0	0	0	1
0	1	0	0	0
0	1	0	1	0
0	0	1	0	0
0	1	0	1	0
$940
0	0	1	1	0
0	0	1	0	1
1	0	0	0	0
0	0	0	0	0
1	1	0	0	0
$941
1	0	1	0	1
0	0	1	0	0
1	0	0	0	0
0	1	0	0	1
0	0	0	0	0
$942
0	1	0	0	1
0	1	1	0	1
0	0	0	0	1
0	0	0	0	0
0	0	0	0	1
$943
1	1	0	1	0
0	0	0	0	0
1	0	1	0	0
1	0	0	0	1
0	0	0	0	0
$944
1	0	1	0	0
1	0	0	0	0
0	0	1	0	1
0	1	0	1	0
0	0	0	0	0
$945
0	0	0	0	0
1	0	0	0	0
1	0	0	1	0
0	1	0	0	1
1	1	0	0	0
$946
0	0	0	0	1
1	1	0	0	0
1	1	1	0	0
0	0	0	0	0
0	0	1	0	0
$947
0	0	0	0	0
1	1	0	1	0
0	1	1	1	0
0	0	0	0	0
0	0	0	1	0
$948
1	0	0	1	0
0	1	0	1	0
0	1	0	1	1
0	0	0	0	0
0	0	0	0	0
$949
1	0	0	0	0
0	1	0	1	0
1	0	0	0	1
0	0	0	0	0
0	0	0	1	1
$950
1	0	0	0	0
1	0	0	0	1
0	0	0	1	1
0	0	0	1	0
0	0	1	0	0
$951
0	0	0	0	0
1	0	0	0	0
0	1	0	1	0
0	1	1	0	0
0	0	1	0	1
$952
1	1	0	0	0
0	0	0	1	1
1	0	0	0	0
0	0	0	0	0
1	0	1	0	0
$953
1	1	0	0	0
0	1	0	0	0
1	0	0	0	0
1	0	0	0	0
0	1	0	1	0
$954
1	0	0	0	0
0	0	0	0	0
0	1	0	0	0
1	1	0	1	0
1	0	0	1	0
$955
0	0	0	0	1
0	1	0	0	0
1	1	0	1	0
0	1	0	0	0
0	0	0	0	1
$956
1	0	0	0	0
1	1	0	0	0
1	0	0	0	0
1	0	1	1	0
0	0	0	0	0
$957
1	1	1	0	1
0	0	0	0	0
1	0	0	0	0
1	0	0	1	0
0	0	0	0	0
$958
0	0	0	0	0
0	0	0	0	1
0	1	1	1	1
0	0	0	1	0
0	0	0	0	1
$959
0	0	0	0	1
0	0	1	1	0
1	0	0	0	0
1	0	1	0	0
1	0	0	0	0
$960
0	0	1	0	0
0	1	0	0	0
0	0	1	0	0
1	0	0	0	0
1	0	0	1	1
$961
1	0	1	1	0
1	0	1	0	0
0	0	0	1	0
0	0	0	0	0
0	0	0	1	0
$962
0	1	0	0	0
0	0	0	0	0
1	1	1	1	0
1	0	0	0	0
0	0	0	1	0
$963
0	0	0	0	1
0	1	0	1	0
0	0	0	0	1
0	0	0	0	0
1	1	1	0	0
$964
0	0	0	1	0
0	1	0	1	0
0	0	0	0	0
0	1	1	0	0
1	0	0	0	1
$965
1	1	0	0	1
0	0	0	0	0
0	0	1	1	0
0	0	1	0	0
0	0	0	0	1
$966
0	0	0	0	0
1	1	1	0	0
1	0	0	1	0
0	0	1	0	0
0	1	0	0	0
$967
0	0	1	0	0
1	0	0	0	0
0	0	1	1	0
0	0	1	0	1
1	0	0	0	0
$968
0	0	1	0	0
0	0	0	0	0
1	0	1	1	0
1	0	1	0	0
0	1	0	0	0
$969
0	0	0	1	1
1	0	1	0	0
1	1	0	0	0
0	0	0	0	0
1	0	0	0	0
$970
0	0	0	0	1
0	0	0	0	0
1	1	0	1	0
1	0	0	0	0
1	0	0	1	0
$971
0	1	1	0	0
0	1	0	0	0
1	1	0	0	0
0	0	0	0	1
0	1	0	0	0
$972
0	0	1	0	0
0	0	0	0	1
1	1	0	0	0
0	0	1	0	0
0	0	1	1	0
$973
0	0	1	1	0
0	0	0	0	0
1	1	1	0	0
0	0	0	0	1
0	0	0	1	0
$974
0	0	0	0	1
1	1	0	1	0
0	0	0	0	0
1	0	1	0	1
0	0	0	0	0
$975
1	0	0	0	1
1	1	0	1	0
1	0	0	0	1
0	0	0	0	0
0	0	0	0	0
$976
0	0	1	0	0
0	0	1	1	1
0	0	0	1	0
0	1	0	0	0
0	1	0	0	0
$977
1	0	1	0	0
0	0	0	1	0
0	1	0	1	1
0	0	0	0	0
0	0	0	1	0
$978
1	0	0	0	0
0	0	0	1	0
0	1	0	0	1
0	0	1	0	0
1	0	1	0	0
$979
1	0	1	1	1
1	0	0	0	1
0	0	0	0	0
0	0	0	0	0
0	1	0	0	0
$980
0	0	1	0	1
1	0	0	0	1
0	0	0	0	0
0	0	0	0	0
0	1	1	0	1
$981
0	0	0	1	0
1	0	1	1	0
0	0	0	1	1
0	1	0	0	0
0	0	0	0	0
$982
0	0	0	0	0
1	0	0	0	0
1	0	1	0	0
1	1	0	0	1
0	0	0	1	0
$983
0	1	0	0	0
0	1	0	0	0
0	1	0	0	0
1	1	1	0	0
1	0	0	0	0
$984
1	0	0	0	1
0	0	0	0	0
0	1	0	1	1
0	1	1	0	0
0	0	0	0	0
$985
0	0	0	1	0
0	1	0	0	0
0	0	0	0	0
0	1	0	0	0
1	1	0	1	1
$986
0	0	1	0	0
0	1	0	0	1
0	0	0	1	0
0	0	0	1	0
1	1	0	0	0
$987
1	0	1	0	0
0	0	1	0	0
0	0	1	0	0
0	0	1	1	0
0	0	0	1	0
$988
1	0	0	0	0
1	0	0	0	0
1	1	0	0	0
0	0	0	0	0
1	0	1	1	0
$989
0	0	0	1	1
0	0	0	0	0
0	0	0	0	1
0	0	0	0	1
1	1	0	1	0
$990
0	0	0	0	1
0	1	1	0	1
0	0	0	0	1
0	0	1	0	0
0	1	0	0	0
$991
1	1	1	0	1
1	1	0	0	0
0	0	1	0	0
0	0	0	0	0
0	0	0	0	0
$992
0	0	0	1	0
0	0	0	0	1
0	0	1	0	0
0	0	1	1	0
0	0	1	1	0
$993
0	0	0	0	0
1	0	0	0	0
0	1	0	1	0
0	0	0	1	0
1	0	0	1	1
$994
1	0	0	0	1
0	0	0	0	0
0	0	1	1	0
0	0	0	0	1
1	0	0	0	1
$995
0	0	0	1	0
0	0	0	1	1
1	0	0	0	0
0	1	1	0	0
0	0	0	0	1
$996
0	0	1	0	0
0	1	0	0	0
0	0	0	1	0
0	0	1	1	0
1	1	0	0	0
$997
0	1	0	0	0
0	1	0	0	0
0	0	0	0	1
0	0	1	1	0
0	1	0	1	0
$998
1	0	0	1	0
0	0	0	0	0
1	0	0	1	0
1	0	0	0	1
0	1	0	0	0
$999
0	0	0	0	0
0	0	0	1	0
0	1	1	0	0
0	0	1	1	0
1	0	0	1	0
$1000
0	0	0	0	0
0	1	1	0	0
0	0	0	0	1
0	0	1	1	0
0	1	1	0	0
